(0,23,24,19,10,21,6,26,1 2)
(0,23,7,2 4)
(0,23,24,19,10,21,6,26,3 3)
(0,23,7,2,4 15)
(no path from 0 to 5)
(0,23,24,19,10,21,6 18)
(0,23,7 -5)
(0,23,24,19,10,21,8 11)
(0,23,24,19,10,21,6,26,3,13,9 67)
(0,23,24,19,10 8)
(no path from 0 to 11)
(0,23,7,2,4,12 35)
(0,23,24,19,10,21,6,26,3,13 40)
(0,23,24,19,10,21,8,14 18)
(0,17,15 48)
(no path from 0 to 16)
(0,17 5)
(0,23,24,19,10,21,8,18 6)
(0,23,24,19 6)
(0,23,24,19,10,21,6,26,1,20 50)
(0,23,24,19,10,21 9)
(no path from 0 to 22)
(0,23 -5)
(0,23,24 -1)
(0,23,24,25 15)
(0,23,24,19,10,21,6,26 9)
(1,23,24,19,0 33)
(1,23,7,2 33)
(1,23,24,19,10,21,6,26,3 32)
(1,23,7,2,4 44)
(no path from 1 to 5)
(1,23,24,19,10,21,6 47)
(1,23,7 24)
(1,23,24,19,10,21,8 40)
(1,23,24,19,10,21,6,26,3,13,9 96)
(1,23,24,19,10 37)
(no path from 1 to 11)
(1,23,7,2,4,12 64)
(1,23,24,19,10,21,6,26,3,13 69)
(1,23,24,19,10,21,8,14 47)
(1,20,15 53)
(no path from 1 to 16)
(1,23,24,19,0,17 38)
(1,23,24,19,10,21,8,18 35)
(1,23,24,19 35)
(1,20 48)
(1,23,24,19,10,21 38)
(no path from 1 to 22)
(1,23 24)
(1,23,24 28)
(1,23,24,25 44)
(1,23,24,19,10,21,6,26 38)
(2,4,12,0 56)
(2,4,12,0,23,24,19,10,21,6,26,1 58)
(2,4,12,0,23,24,19,10,21,6,26,3 59)
(2,4 11)
(no path from 2 to 5)
(2,4,12,0,23,24,19,10,21,6 74)
(2,4,12,0,23,7 51)
(2,4,12,0,23,24,19,10,21,8 67)
(2,4,12,0,23,24,19,10,21,6,26,3,13,9 123)
(2,4,12,0,23,24,19,10 64)
(no path from 2 to 11)
(2,4,12 31)
(2,4,12,0,23,24,19,10,21,6,26,3,13 96)
(2,4,12,0,23,24,19,10,21,8,14 74)
(2,4,17,15 65)
(no path from 2 to 16)
(2,4,17 22)
(2,4,12,0,23,24,19,10,21,8,18 62)
(2,4,12,0,23,24,19 62)
(2,4,12,0,23,24,19,10,21,6,26,1,20 106)
(2,4,12,0,23,24,19,10,21 65)
(no path from 2 to 22)
(2,4,12,0,23 51)
(2,4,12,0,23,24 55)
(2,4,12,0,23,24,25 71)
(2,4,12,0,23,24,19,10,21,6,26 65)
(3,25,12,0 72)
(3,25,12,0,23,24,19,10,21,6,26,1 74)
(3,25,12,2 54)
(3,25,12,2,4 65)
(no path from 3 to 5)
(3,25,12,0,23,24,19,10,21,6 90)
(3,25,12,0,23,7 67)
(3,25,12,0,23,24,19,10,21,8 83)
(3,13,9 64)
(3,25,12,0,23,24,19,10 80)
(no path from 3 to 11)
(3,25,12 47)
(3,13 37)
(3,25,12,0,23,24,19,10,21,8,14 90)
(3,13,17,15 89)
(no path from 3 to 16)
(3,13,17 46)
(3,25,12,0,23,24,19,10,21,8,18 78)
(3,25,12,0,23,24,19 78)
(3,25,12,0,23,24,19,10,21,6,26,1,20 122)
(3,25,12,0,23,24,19,10,21 81)
(no path from 3 to 22)
(3,25,12,0,23 67)
(3,25,12,0,23,24 71)
(3,25 20)
(3,25,12,0,23,24,19,10,21,6,26 81)
(4,12,0 45)
(4,12,0,23,24,19,10,21,6,26,1 47)
(4,12,2 27)
(4,12,0,23,24,19,10,21,6,26,3 48)
(no path from 4 to 5)
(4,12,0,23,24,19,10,21,6 63)
(4,12,0,23,7 40)
(4,12,0,23,24,19,10,21,8 56)
(4,12,0,23,24,19,10,21,6,26,3,13,9 112)
(4,12,0,23,24,19,10 53)
(no path from 4 to 11)
(4,12 20)
(4,12,0,23,24,19,10,21,6,26,3,13 85)
(4,12,0,23,24,19,10,21,8,14 63)
(4,17,15 54)
(no path from 4 to 16)
(4,17 11)
(4,12,0,23,24,19,10,21,8,18 51)
(4,12,0,23,24,19 51)
(4,12,0,23,24,19,10,21,6,26,1,20 95)
(4,12,0,23,24,19,10,21 54)
(no path from 4 to 22)
(4,12,0,23 40)
(4,12,0,23,24 44)
(4,12,0,23,24,25 60)
(4,12,0,23,24,19,10,21,6,26 54)
(5,22,0 33)
(5,22,0,23,24,19,10,21,6,26,1 35)
(5,22,0,23,7,2 37)
(5,22,0,23,24,19,10,21,6,26,3 36)
(5,22,0,23,7,2,4 48)
(5,22,0,23,24,19,10,21,6 51)
(5,22,0,23,7 28)
(5,22,0,23,24,19,10,21,8 44)
(5,22,0,23,24,19,10,21,6,26,3,13,9 100)
(5,22,0,23,24,19,10 41)
(no path from 5 to 11)
(5,22,0,23,7,2,4,12 68)
(5,22,0,23,24,19,10,21,6,26,3,13 73)
(5,22,0,23,24,19,10,21,8,14 51)
(5,17,15 63)
(no path from 5 to 16)
(5,17 20)
(5,22,0,23,24,19,10,21,8,18 39)
(5,22,0,23,24,19 39)
(5,22,0,23,24,19,10,21,6,26,1,20 83)
(5,22,0,23,24,19,10,21 42)
(5,22 37)
(5,22,0,23 28)
(5,22,0,23,24 32)
(5,22,0,23,24,25 48)
(5,22,0,23,24,19,10,21,6,26 42)
(6,26,1,23,24,19,0 17)
(6,26,1 -16)
(6,26,1,23,7,2 17)
(6,26,3 -15)
(6,26,1,23,7,2,4 28)
(no path from 6 to 5)
(6,26,1,23,7 8)
(6,26,1,23,24,19,10,21,8 24)
(6,26,3,13,9 49)
(6,26,1,23,24,19,10 21)
(no path from 6 to 11)
(6,26,3,25,12 32)
(6,26,3,13 22)
(6,26,1,23,24,19,10,21,8,14 31)
(6,26,1,20,15 37)
(no path from 6 to 16)
(6,26,1,23,24,19,0,17 22)
(6,26,1,23,24,19,10,21,8,18 19)
(6,26,1,23,24,19 19)
(6,26,1,20 32)
(6,26,1,23,24,19,10,21 22)
(no path from 6 to 22)
(6,26,1,23 8)
(6,26,1,23,24 12)
(6,26,3,25 5)
(6,26 -9)
(7,2,4,12,0 65)
(7,2,4,12,0,23,24,19,10,21,6,26,1 67)
(7,2 9)
(7,2,4,12,0,23,24,19,10,21,6,26,3 68)
(7,2,4 20)
(no path from 7 to 5)
(7,2,4,12,0,23,24,19,10,21,6 83)
(7,2,4,12,0,23,24,19,10,21,8 76)
(7,2,4,12,0,23,24,19,10,21,6,26,3,13,9 132)
(7,2,4,12,0,23,24,19,10 73)
(no path from 7 to 11)
(7,2,4,12 40)
(7,2,4,12,0,23,24,19,10,21,6,26,3,13 105)
(7,2,4,12,0,23,24,19,10,21,8,14 83)
(7,2,4,17,15 74)
(no path from 7 to 16)
(7,2,4,17 31)
(7,2,4,12,0,23,24,19,10,21,8,18 71)
(7,2,4,12,0,23,24,19 71)
(7,2,4,12,0,23,24,19,10,21,6,26,1,20 115)
(7,2,4,12,0,23,24,19,10,21 74)
(no path from 7 to 22)
(7,2,4,12,0,23 60)
(7,2,4,12,0,23,24 64)
(7,25 40)
(7,2,4,12,0,23,24,19,10,21,6,26 74)
(8,18,19,0 23)
(8,18,19,10,21,6,26,1 21)
(8,18,19,0,23,7,2 27)
(8,18,19,10,21,6,26,3 22)
(8,18,19,0,23,7,2,4 38)
(no path from 8 to 5)
(8,18,19,10,21,6 37)
(8,18,19,0,23,7 18)
(8,14,13,9 76)
(8,18,19,10 27)
(no path from 8 to 11)
(8,18,19,0,23,7,2,4,12 58)
(8,14,13 49)
(8,14 7)
(8,18,19,0,17,15 71)
(no path from 8 to 16)
(8,18,19,0,17 28)
(8,18 -5)
(8,18,19 25)
(8,18,19,10,21,6,26,1,20 69)
(8,18,19,10,21 28)
(no path from 8 to 22)
(8,18,19,0,23 18)
(8,18,19,0,23,24 22)
(8,18,19,0,23,24,25 38)
(8,18,19,10,21,6,26 28)
(9,12,0 41)
(9,23,24,19,10,21,6,26,1 42)
(9,12,2 23)
(9,23,24,19,10,21,6,26,3 43)
(9,12,2,4 34)
(no path from 9 to 5)
(9,23,24,19,10,21,6 58)
(9,23,7 35)
(9,23,24,19,10,21,8 51)
(9,23,24,19,10 48)
(no path from 9 to 11)
(9,12 16)
(9,23,24,19,10,21,6,26,3,13 80)
(9,23,24,19,10,21,8,14 58)
(9,12,2,4,17,15 88)
(no path from 9 to 16)
(9,12,2,4,17 45)
(9,23,24,19,10,21,8,18 46)
(9,23,24,19 46)
(9,23,24,19,10,21,6,26,1,20 90)
(9,23,24,19,10,21 49)
(no path from 9 to 22)
(9,23 35)
(9,23,24 39)
(9,23,24,25 55)
(9,23,24,19,10,21,6,26 49)
(10,21,8,18,19,0 26)
(10,21,6,26,1 -6)
(10,21,6,26,1,23,7,2 27)
(10,21,6,26,3 -5)
(10,21,6,26,1,23,7,2,4 38)
(no path from 10 to 5)
(10,21,6 10)
(10,21,6,26,1,23,7 18)
(10,21,8 3)
(10,21,6,26,3,13,9 59)
(no path from 10 to 11)
(10,21,6,26,3,25,12 42)
(10,21,6,26,3,13 32)
(10,21,8,14 10)
(10,21,6,26,1,20,15 47)
(no path from 10 to 16)
(10,21,8,18,19,0,17 31)
(10,21,8,18 -2)
(10,21,8,18,19 28)
(10,21,6,26,1,20 42)
(10,21 1)
(no path from 10 to 22)
(10,21,6,26,1,23 18)
(10,21,6,26,1,23,24 22)
(10,21,6,26,3,25 15)
(10,21,6,26 1)
(11,9,12,0 41)
(11,15,10,21,6,26,1 19)
(11,9,12,2 23)
(11,15,10,21,6,26,3 20)
(11,9,12,2,4 34)
(no path from 11 to 5)
(11,15,10,21,6 35)
(11,9,23,7 35)
(11,15,10,21,8 28)
(11,9 0)
(11,15,10 25)
(11,9,12 16)
(11,15,10,21,6,26,3,13 57)
(11,15,10,21,8,14 35)
(11,15 19)
(no path from 11 to 16)
(11,9,12,2,4,17 45)
(11,15,10,21,8,18 23)
(11,9,23,24,19 46)
(11,15,10,21,6,26,1,20 67)
(11,15,10,21 26)
(no path from 11 to 22)
(11,9,23 35)
(11,9,23,24 39)
(11,15,10,21,6,26,3,25 40)
(11,15,10,21,6,26 26)
(12,0 25)
(12,0,23,24,19,10,21,6,26,1 27)
(12,2 7)
(12,0,23,24,19,10,21,6,26,3 28)
(12,2,4 18)
(no path from 12 to 5)
(12,0,23,24,19,10,21,6 43)
(12,0,23,7 20)
(12,0,23,24,19,10,21,8 36)
(12,0,23,24,19,10,21,6,26,3,13,9 92)
(12,0,23,24,19,10 33)
(no path from 12 to 11)
(12,0,23,24,19,10,21,6,26,3,13 65)
(12,0,23,24,19,10,21,8,14 43)
(12,2,4,17,15 72)
(no path from 12 to 16)
(12,2,4,17 29)
(12,0,23,24,19,10,21,8,18 31)
(12,0,23,24,19 31)
(12,0,23,24,19,10,21,6,26,1,20 75)
(12,0,23,24,19,10,21 34)
(no path from 12 to 22)
(12,0,23 20)
(12,0,23,24 24)
(12,0,23,24,25 40)
(12,0,23,24,19,10,21,6,26 34)
(13,9,12,0 68)
(13,17,15,10,21,6,26,1 52)
(13,9,12,2 50)
(13,17,15,10,21,6,26,3 53)
(13,17,4 44)
(no path from 13 to 5)
(13,17,15,10,21,6 68)
(13,9,23,7 62)
(13,17,15,10,21,8 61)
(13,9 27)
(13,17,15,10 58)
(no path from 13 to 11)
(13,9,12 43)
(13,17,15,10,21,8,14 68)
(13,17,15 52)
(no path from 13 to 16)
(13,17 9)
(13,17,15,10,21,8,18 56)
(13,9,23,24,19 73)
(13,17,15,10,21,6,26,1,20 100)
(13,17,15,10,21 59)
(no path from 13 to 22)
(13,9,23 62)
(13,9,23,24 66)
(13,17,15,10,21,6,26,3,25 73)
(13,17,15,10,21,6,26 59)
(14,4,12,0 81)
(14,4,12,0,23,24,19,10,21,6,26,1 83)
(14,4,12,2 63)
(14,4,12,0,23,24,19,10,21,6,26,3 84)
(14,4 36)
(no path from 14 to 5)
(14,4,12,0,23,24,19,10,21,6 99)
(14,4,12,0,23,7 76)
(14,4,12,0,23,24,19,10,21,8 92)
(14,13,9 69)
(14,4,12,0,23,24,19,10 89)
(no path from 14 to 11)
(14,4,12 56)
(14,13 42)
(14,4,17,15 90)
(no path from 14 to 16)
(14,4,17 47)
(14,4,12,0,23,24,19,10,21,8,18 87)
(14,4,12,0,23,24,19 87)
(14,4,12,0,23,24,19,10,21,6,26,1,20 131)
(14,4,12,0,23,24,19,10,21 90)
(no path from 14 to 22)
(14,4,12,0,23 76)
(14,4,12,0,23,24 80)
(14,4,12,0,23,24,25 96)
(14,4,12,0,23,24,19,10,21,6,26 90)
(15,10,21,8,18,19,0 32)
(15,10,21,6,26,1 0)
(15,10,21,6,26,1,23,7,2 33)
(15,10,21,6,26,3 1)
(15,10,21,6,26,1,23,7,2,4 44)
(no path from 15 to 5)
(15,10,21,6 16)
(15,10,21,6,26,1,23,7 24)
(15,10,21,8 9)
(15,10,21,6,26,3,13,9 65)
(15,10 6)
(no path from 15 to 11)
(15,10,21,6,26,3,25,12 48)
(15,10,21,6,26,3,13 38)
(15,10,21,8,14 16)
(no path from 15 to 16)
(15,10,21,8,18,19,0,17 37)
(15,10,21,8,18 4)
(15,10,21,8,18,19 34)
(15,10,21,6,26,1,20 48)
(15,10,21 7)
(no path from 15 to 22)
(15,10,21,6,26,1,23 24)
(15,10,21,6,26,1,23,24 28)
(15,10,21,6,26,3,25 21)
(15,10,21,6,26 7)
(16,6,26,1,23,24,19,0 34)
(16,6,26,1 1)
(16,6,26,1,23,7,2 34)
(16,6,26,3 2)
(16,6,26,1,23,7,2,4 45)
(no path from 16 to 5)
(16,6 17)
(16,6,26,1,23,7 25)
(16,10,21,8 30)
(16,6,26,3,13,9 66)
(16,10 27)
(no path from 16 to 11)
(16,6,26,3,25,12 49)
(16,6,26,3,13 39)
(16,10,21,8,14 37)
(16,6,26,1,20,15 54)
(16,6,26,1,23,24,19,0,17 39)
(16,10,21,8,18 25)
(16,6,26,1,23,24,19 36)
(16,6,26,1,20 49)
(16,10,21 28)
(no path from 16 to 22)
(16,6,26,1,23 25)
(16,6,26,1,23,24 29)
(16,6,26,3,25 22)
(16,6,26 8)
(17,15,10,21,8,18,19,0 75)
(17,15,10,21,6,26,1 43)
(17,4,12,2 62)
(17,15,10,21,6,26,3 44)
(17,4 35)
(no path from 17 to 5)
(17,15,10,21,6 59)
(17,15,10,21,6,26,1,23,7 67)
(17,15,10,21,8 52)
(17,15,10,21,6,26,3,13,9 108)
(17,15,10 49)
(no path from 17 to 11)
(17,4,12 55)
(17,15,10,21,6,26,3,13 81)
(17,15,10,21,8,14 59)
(17,15 43)
(no path from 17 to 16)
(17,15,10,21,8,18 47)
(17,15,10,21,8,18,19 77)
(17,15,10,21,6,26,1,20 91)
(17,15,10,21 50)
(no path from 17 to 22)
(17,15,10,21,6,26,1,23 67)
(17,15,10,21,6,26,1,23,24 71)
(17,15,10,21,6,26,3,25 64)
(17,15,10,21,6,26 50)
(18,19,0 28)
(18,19,10,21,6,26,1 26)
(18,19,0,23,7,2 32)
(18,19,10,21,6,26,3 27)
(18,19,0,23,7,2,4 43)
(no path from 18 to 5)
(18,19,10,21,6 42)
(18,19,0,23,7 23)
(18,19,10,21,8 35)
(18,19,10,21,6,26,3,13,9 91)
(18,19,10 32)
(no path from 18 to 11)
(18,19,0,23,7,2,4,12 63)
(18,19,10,21,6,26,3,13 64)
(18,19,10,21,8,14 42)
(18,19,0,17,15 76)
(no path from 18 to 16)
(18,19,0,17 33)
(18,19 30)
(18,19,10,21,6,26,1,20 74)
(18,19,10,21 33)
(no path from 18 to 22)
(18,19,0,23 23)
(18,19,0,23,24 27)
(18,19,0,23,24,25 43)
(18,19,10,21,6,26 33)
(19,0 -2)
(19,10,21,6,26,1 -4)
(19,0,23,7,2 2)
(19,10,21,6,26,3 -3)
(19,0,23,7,2,4 13)
(no path from 19 to 5)
(19,10,21,6 12)
(19,0,23,7 -7)
(19,10,21,8 5)
(19,10,21,6,26,3,13,9 61)
(19,10 2)
(no path from 19 to 11)
(19,0,23,7,2,4,12 33)
(19,10,21,6,26,3,13 34)
(19,10,21,8,14 12)
(19,0,17,15 46)
(no path from 19 to 16)
(19,0,17 3)
(19,10,21,8,18 0)
(19,10,21,6,26,1,20 44)
(19,10,21 3)
(no path from 19 to 22)
(19,0,23 -7)
(19,0,23,24 -3)
(19,0,23,24,25 13)
(19,10,21,6,26 3)
(20,0 9)
(20,15,10,21,6,26,1 5)
(20,0,23,7,2 13)
(20,15,10,21,6,26,3 6)
(20,0,23,7,2,4 24)
(no path from 20 to 5)
(20,15,10,21,6 21)
(20,0,23,7 4)
(20,15,10,21,8 14)
(20,15,10,21,6,26,3,13,9 70)
(20,15,10 11)
(no path from 20 to 11)
(20,0,23,7,2,4,12 44)
(20,15,10,21,6,26,3,13 43)
(20,15,10,21,8,14 21)
(20,15 5)
(no path from 20 to 16)
(20,0,17 14)
(20,15,10,21,8,18 9)
(20,0,23,24,19 15)
(20,15,10,21 12)
(no path from 20 to 22)
(20,0,23 4)
(20,0,23,24 8)
(20,0,23,24,25 24)
(20,15,10,21,6,26 12)
(21,8,18,19,0 25)
(21,6,26,1 -7)
(21,6,26,1,23,7,2 26)
(21,6,26,3 -6)
(21,6,26,1,23,7,2,4 37)
(no path from 21 to 5)
(21,6 9)
(21,6,26,1,23,7 17)
(21,8 2)
(21,6,26,3,13,9 58)
(21,8,18,19,10 29)
(no path from 21 to 11)
(21,6,26,3,25,12 41)
(21,6,26,3,13 31)
(21,8,14 9)
(21,6,26,1,20,15 46)
(no path from 21 to 16)
(21,8,18,19,0,17 30)
(21,8,18 -3)
(21,8,18,19 27)
(21,6,26,1,20 41)
(no path from 21 to 22)
(21,6,26,1,23 17)
(21,6,26,1,23,24 21)
(21,6,26,3,25 14)
(21,6,26 0)
(22,0 -4)
(22,0,23,24,19,10,21,6,26,1 -2)
(22,0,23,7,2 0)
(22,0,23,24,19,10,21,6,26,3 -1)
(22,0,23,7,2,4 11)
(no path from 22 to 5)
(22,0,23,24,19,10,21,6 14)
(22,0,23,7 -9)
(22,0,23,24,19,10,21,8 7)
(22,0,23,24,19,10,21,6,26,3,13,9 63)
(22,0,23,24,19,10 4)
(no path from 22 to 11)
(22,0,23,7,2,4,12 31)
(22,0,23,24,19,10,21,6,26,3,13 36)
(22,0,23,24,19,10,21,8,14 14)
(22,0,17,15 44)
(no path from 22 to 16)
(22,0,17 1)
(22,0,23,24,19,10,21,8,18 2)
(22,0,23,24,19 2)
(22,0,23,24,19,10,21,6,26,1,20 46)
(22,0,23,24,19,10,21 5)
(22,0,23 -9)
(22,0,23,24 -5)
(22,0,23,24,25 11)
(22,0,23,24,19,10,21,6,26 5)
(23,24,19,0 9)
(23,24,19,10,21,6,26,1 7)
(23,7,2 9)
(23,24,19,10,21,6,26,3 8)
(23,7,2,4 20)
(no path from 23 to 5)
(23,24,19,10,21,6 23)
(23,7 0)
(23,24,19,10,21,8 16)
(23,24,19,10,21,6,26,3,13,9 72)
(23,24,19,10 13)
(no path from 23 to 11)
(23,7,2,4,12 40)
(23,24,19,10,21,6,26,3,13 45)
(23,24,19,10,21,8,14 23)
(23,24,19,0,17,15 57)
(no path from 23 to 16)
(23,24,19,0,17 14)
(23,24,19,10,21,8,18 11)
(23,24,19 11)
(23,24,19,10,21,6,26,1,20 55)
(23,24,19,10,21 14)
(no path from 23 to 22)
(23,24 4)
(23,24,25 20)
(23,24,19,10,21,6,26 14)
(24,19,0 5)
(24,19,10,21,6,26,1 3)
(24,19,0,23,7,2 9)
(24,19,10,21,6,26,3 4)
(24,19,0,23,7,2,4 20)
(no path from 24 to 5)
(24,19,10,21,6 19)
(24,19,0,23,7 0)
(24,19,10,21,8 12)
(24,19,10,21,6,26,3,13,9 68)
(24,19,10 9)
(no path from 24 to 11)
(24,19,0,23,7,2,4,12 40)
(24,19,10,21,6,26,3,13 41)
(24,19,10,21,8,14 19)
(24,19,0,17,15 53)
(no path from 24 to 16)
(24,19,0,17 10)
(24,19,10,21,8,18 7)
(24,19 7)
(24,19,10,21,6,26,1,20 51)
(24,19,10,21 10)
(no path from 24 to 22)
(24,19,0,23 0)
(24,25 16)
(24,19,10,21,6,26 10)
(25,12,0 52)
(25,12,0,23,24,19,10,21,6,26,1 54)
(25,12,2 34)
(25,12,0,23,24,19,10,21,6,26,3 55)
(25,12,2,4 45)
(no path from 25 to 5)
(25,12,0,23,24,19,10,21,6 70)
(25,12,0,23,7 47)
(25,12,0,23,24,19,10,21,8 63)
(25,12,0,23,24,19,10,21,6,26,3,13,9 119)
(25,12,0,23,24,19,10 60)
(no path from 25 to 11)
(25,12 27)
(25,12,0,23,24,19,10,21,6,26,3,13 92)
(25,12,0,23,24,19,10,21,8,14 70)
(25,12,2,4,17,15 99)
(no path from 25 to 16)
(25,12,2,4,17 56)
(25,12,0,23,24,19,10,21,8,18 58)
(25,12,0,23,24,19 58)
(25,12,0,23,24,19,10,21,6,26,1,20 102)
(25,12,0,23,24,19,10,21 61)
(no path from 25 to 22)
(25,12,0,23 47)
(25,12,0,23,24 51)
(25,12,0,23,24,19,10,21,6,26 61)
(26,1,23,24,19,0 26)
(26,1 -7)
(26,1,23,7,2 26)
(26,3 -6)
(26,1,23,7,2,4 37)
(no path from 26 to 5)
(26,1,23,24,19,10,21,6 40)
(26,1,23,7 17)
(26,1,23,24,19,10,21,8 33)
(26,3,13,9 58)
(26,1,23,24,19,10 30)
(no path from 26 to 11)
(26,3,25,12 41)
(26,3,13 31)
(26,1,23,24,19,10,21,8,14 40)
(26,1,20,15 46)
(no path from 26 to 16)
(26,1,23,24,19,0,17 31)
(26,1,23,24,19,10,21,8,18 28)
(26,1,23,24,19 28)
(26,1,20 41)
(26,1,23,24,19,10,21 31)
(no path from 26 to 22)
(26,1,23 17)
(26,1,23,24 21)
(26,3,25 14)
