0 6 48
0 56 37
1 42 38
1 54 32
2 75 41
2 48 -2
3 19 23
3 72 19
4 38 28
4 50 0
5 75 10
5 52 35
6 64 31
6 11 38
7 54 -3
7 3 26
8 63 7
8 45 4
9 73 -7
9 23 17
10 27 2
10 37 5
11 6 -2
11 3 15
12 2 38
12 51 33
13 27 -10
13 29 14
14 62 45
14 0 -5
15 66 24
15 49 47
16 63 -10
16 68 37
17 52 -3
17 28 25
18 71 18
18 33 41
19 43 27
19 12 34
20 39 29
20 28 48
21 37 33
21 67 43
22 24 -1
22 64 10
23 13 19
23 45 0
24 22 19
24 78 21
25 22 10
25 36 47
26 69 -7
26 18 -5
27 63 24
27 0 32
28 5 36
28 22 6
29 36 -4
29 50 42
30 1 11
30 46 33
31 18 -4
31 3 49
32 23 12
32 33 -8
33 15 33
33 31 23
34 35 36
34 68 -9
35 16 7
35 33 3
36 45 35
36 18 24
37 15 5
37 26 38
38 13 15
38 23 0
39 47 27
39 63 0
40 10 32
40 76 44
41 59 -6
41 36 -2
42 47 23
42 25 16
43 59 40
43 69 -3
44 73 2
44 17 50
45 16 -5
45 1 49
46 16 -8
46 47 17
47 74 -7
47 41 37
48 13 39
48 24 37
49 67 37
49 24 44
50 53 39
50 31 41
51 61 31
51 26 39
52 79 20
52 47 18
53 72 43
53 27 32
54 4 43
54 13 0
55 63 38
55 36 34
56 29 3
56 46 21
57 33 45
57 50 5
58 3 38
58 16 38
59 42 45
59 50 11
60 67 27
60 0 44
61 2 38
61 79 25
62 20 25
62 11 29
63 14 40
63 8 48
64 4 4
64 14 23
65 0 44
65 31 27
66 72 18
66 54 13
67 48 14
67 65 9
68 10 21
68 80 -8
69 59 42
69 51 44
70 65 28
70 23 27
71 62 9
71 77 36
72 37 15
72 46 21
73 48 11
73 63 32
74 5 -1
74 59 14
75 48 -7
75 37 13
76 77 22
76 79 25
77 63 -3
77 12 32
78 54 49
78 45 24
79 47 26
79 51 3
80 32 22
80 38 47
