0 17 -4
0 48 48
1 66 8
1 37 37
2 12 42
2 35 43
3 59 46
3 76 12
4 20 -10
4 65 1
5 55 18
5 12 -10
6 41 3
6 29 26
7 73 10
7 74 21
8 12 27
8 32 38
9 48 2
9 1 40
10 30 31
10 25 18
11 25 41
11 76 34
12 69 32
12 43 27
13 26 -5
13 62 48
14 54 -1
14 8 13
15 21 35
15 0 -9
16 80 25
16 1 5
17 80 13
17 73 -8
18 31 43
19 36 1
19 46 17
20 70 -4
20 58 35
21 42 -1
21 31 -1
22 12 41
22 8 3
23 49 8
23 78 -10
24 71 7
24 26 39
25 44 38
25 68 -10
26 10 28
26 14 41
27 34 38
27 59 -10
28 74 42
28 79 36
29 10 18
29 0 17
30 50 50
30 48 -9
31 16 -2
31 65 35
32 33 49
32 72 50
33 67 23
33 79 -2
34 14 23
34 37 0
35 40 19
35 71 46
36 79 31
36 28 42
37 55 -5
37 75 39
38 59 4
38 80 2
39 22 42
39 75 40
40 22 26
40 18 2
41 20 -9
41 18 38
42 43 35
42 76 4
43 7 42
43 56 42
44 52 -5
44 21 1
45 64 13
45 15 15
46 24 28
46 9 -6
47 56 45
47 66 47
48 15 45
48 8 26
49 47 48
49 32 -9
50 55 44
50 30 44
51 42 34
51 27 13
52 48 29
52 31 45
53 73 19
53 54 3
54 17 19
54 78 21
55 19 -1
55 58 26
56 41 42
56 2 35
57 21 20
57 52 37
58 2 33
58 26 4
59 44 3
59 4 10
60 58 37
60 18 3
61 41 4
61 54 34
62 24 28
62 11 27
63 39 -10
63 9 -7
64 55 2
64 12 36
65 79 -3
65 74 16
66 0 -8
66 56 31
67 66 19
67 40 41
68 52 7
68 51 28
69 45 13
69 61 4
70 16 27
70 6 19
71 42 8
71 14 7
72 14 -7
72 6 44
73 5 12
73 61 11
74 40 -10
74 59 19
75 65 41
75 5 30
76 4 49
76 16 1
77 57 24
77 70 11
78 51 35
78 9 4
79 1 6
79 63 2
80 52 14
80 11 -10
