0 275 -10
0 134 9
0 429 -7
1 246 -10
1 34 14
1 535 -1
2 399 4
2 424 29
2 602 3
3 274 4
3 632 28
3 22 46
4 613 -7
4 313 23
4 430 -4
5 257 7
5 206 -7
5 511 -8
6 680 45
6 416 -8
6 589 25
7 16 7
7 9 13
7 153 17
8 214 -1
8 226 0
8 649 25
9 59 27
9 305 9
9 48 -7
10 120 44
10 29 -10
10 694 5
11 146 21
11 251 -6
11 685 41
12 611 -2
12 62 32
12 547 -10
13 435 -4
13 243 31
13 287 -4
14 411 45
14 201 19
14 649 7
15 637 5
15 212 -5
15 167 23
16 177 20
16 89 9
16 153 31
17 251 45
17 344 38
17 642 11
18 248 41
18 165 -2
18 604 26
19 93 40
19 130 23
19 530 8
20 690 45
20 655 45
20 607 20
21 47 3
21 364 37
21 62 40
22 710 -3
22 523 9
22 400 22
23 703 24
23 19 49
23 68 42
24 213 36
24 512 -8
24 438 27
25 408 29
25 183 13
25 394 -5
26 161 21
26 489 42
26 112 4
27 518 24
27 112 -1
27 596 -10
28 504 22
28 346 47
28 254 40
29 549 2
29 483 38
29 626 0
30 154 38
30 496 48
30 624 42
31 433 36
31 451 31
31 22 15
32 680 36
32 234 40
32 480 7
33 20 47
33 588 34
33 58 -2
34 307 26
34 532 24
34 533 45
35 304 -9
35 441 36
35 405 9
36 390 48
36 346 40
36 488 33
37 629 24
37 632 35
37 127 49
38 603 14
38 452 23
38 223 -8
39 496 4
39 257 45
39 456 -10
40 483 49
40 94 40
40 540 15
41 601 44
41 148 -9
41 600 32
42 36 37
42 571 9
42 224 12
43 16 -3
43 645 10
43 534 12
44 293 28
44 298 18
44 351 23
45 205 -1
45 463 23
45 713 9
46 424 18
46 419 30
46 702 -6
47 588 33
47 17 -5
47 484 -2
48 150 34
48 61 -2
48 502 47
49 421 31
49 43 20
49 67 5
50 691 -5
50 159 13
50 144 45
51 648 -10
51 390 42
51 492 -10
52 442 25
52 656 12
52 256 5
53 512 7
53 496 18
53 691 -2
54 695 36
54 391 31
54 590 -6
55 593 16
55 571 8
55 324 12
56 150 10
56 385 16
56 528 16
57 289 12
57 629 3
57 137 50
58 611 30
58 528 37
58 639 25
59 208 11
59 334 42
59 495 26
60 385 15
60 237 49
60 133 -3
61 422 -10
61 50 -6
61 277 28
62 328 50
62 548 17
62 416 10
63 351 27
63 410 -4
63 699 33
64 19 5
64 87 36
64 574 35
65 549 21
65 686 30
65 37 -10
66 511 45
66 136 13
66 210 16
67 644 42
67 248 23
67 377 1
68 231 -6
68 170 -4
68 40 50
69 699 29
69 529 11
69 172 -6
70 613 -7
70 344 27
70 635 5
71 115 46
71 657 5
71 620 -3
72 331 33
72 536 23
72 723 -7
73 551 8
73 45 42
73 518 -3
74 0 42
74 202 44
74 608 -8
75 290 38
75 386 33
75 547 24
76 94 35
76 80 -7
76 290 6
77 155 47
77 578 48
77 420 46
78 146 6
78 352 15
78 450 42
79 484 16
79 346 11
79 423 35
80 293 50
80 511 6
80 368 44
81 322 39
81 430 31
81 300 39
82 617 -5
82 121 -2
82 497 28
83 179 18
83 253 32
83 16 36
84 479 46
84 327 26
84 261 39
85 520 19
85 611 33
85 143 -5
86 301 20
86 385 7
86 286 23
87 611 50
87 476 46
87 511 -4
88 138 7
88 34 37
88 467 27
89 624 48
89 290 -3
89 64 8
90 284 29
90 411 17
90 723 24
91 146 48
91 561 46
91 65 31
92 443 10
92 355 8
92 403 -4
93 379 -8
93 30 38
93 665 43
94 683 36
94 291 46
94 702 1
95 284 23
95 235 43
95 385 41
96 199 21
96 508 42
96 51 7
97 175 20
97 138 9
97 376 38
98 595 47
98 481 42
98 422 -3
99 656 49
99 237 19
99 569 47
100 639 24
100 210 40
100 422 27
101 448 50
101 357 26
101 691 3
102 328 34
102 67 -6
102 624 28
103 0 4
103 201 33
103 440 46
104 386 15
104 50 42
104 650 41
105 615 5
105 374 -3
105 297 6
106 477 31
106 193 43
106 634 13
107 355 4
107 116 16
107 544 31
108 505 42
108 216 12
108 223 13
109 151 25
109 100 -5
109 146 33
110 61 38
110 328 49
110 417 19
111 709 36
111 63 50
111 719 39
112 522 28
112 359 18
112 702 33
113 434 29
113 583 50
113 283 20
114 232 12
114 44 25
114 293 39
115 486 5
115 381 -3
115 25 27
116 675 50
116 584 14
116 574 49
117 501 -10
117 468 46
117 12 44
118 656 46
118 89 44
118 707 10
119 27 40
119 412 29
119 487 15
120 220 2
120 616 2
121 422 9
121 474 -6
121 14 8
122 489 33
122 181 41
122 493 16
123 576 47
123 298 27
123 218 32
124 93 47
124 146 49
124 24 48
125 547 17
125 711 35
125 349 17
126 601 -1
126 376 44
126 593 7
127 5 -10
127 6 35
127 229 27
128 629 8
128 725 20
128 321 27
129 419 14
129 108 48
129 9 26
130 136 11
130 328 8
130 263 7
131 534 50
131 253 40
131 339 6
132 575 5
132 597 16
132 3 14
133 570 8
133 346 41
133 169 25
134 138 12
134 545 2
134 330 -3
135 178 49
135 223 24
135 68 22
136 712 17
136 341 12
136 667 44
137 53 2
137 79 43
137 540 31
138 64 1
138 427 33
138 350 25
139 554 15
139 145 4
139 511 27
140 373 41
140 501 41
140 297 49
141 586 34
141 374 21
141 51 21
142 468 30
142 603 10
142 719 48
143 420 25
143 621 40
143 575 -10
144 68 17
144 661 50
144 379 25
145 288 49
145 46 10
145 417 39
146 28 8
146 536 -8
146 258 24
147 569 -10
147 341 13
147 302 33
148 454 17
148 82 46
148 374 14
149 237 38
149 564 25
149 73 48
150 232 40
150 50 24
150 29 4
151 588 45
151 60 8
151 240 3
152 688 22
152 335 15
152 697 22
153 513 50
153 92 -1
153 652 -2
154 122 49
154 193 0
154 587 41
155 5 -7
155 56 -4
155 645 33
156 409 29
156 393 25
156 460 -9
157 473 43
157 163 1
157 77 32
158 183 19
158 714 45
158 124 -10
159 704 50
159 680 -8
159 240 11
160 132 -1
160 458 27
160 682 12
161 303 36
161 470 24
161 66 -4
162 674 38
162 149 9
162 300 40
163 576 20
163 128 -8
163 674 25
164 394 49
164 568 5
165 357 34
165 171 9
165 617 22
166 340 44
166 77 35
166 216 46
167 434 39
167 396 48
167 646 6
168 92 3
168 291 44
168 62 -7
169 502 27
169 165 43
169 679 9
170 11 4
170 514 -3
170 424 16
171 448 15
171 451 32
171 560 43
172 540 27
172 252 1
172 309 23
173 49 46
173 454 -2
173 591 19
174 234 16
174 576 10
174 352 49
175 5 -6
175 421 36
175 682 19
176 709 13
176 280 35
176 58 24
177 96 -10
177 689 19
177 389 9
178 511 26
178 640 42
178 232 4
179 274 16
179 201 39
179 388 25
180 11 20
180 275 9
180 416 -3
181 403 15
181 82 25
181 608 -3
182 177 20
182 210 -8
182 235 25
183 172 30
183 220 45
183 336 8
184 171 6
184 92 16
184 282 -10
185 347 11
185 69 2
185 11 46
186 20 -2
186 643 23
186 372 21
187 250 9
187 15 -4
187 224 -1
188 281 41
188 155 49
188 104 31
189 473 40
189 88 -2
189 600 2
190 420 36
190 407 19
190 67 -10
191 508 11
191 174 42
191 647 31
192 240 28
192 151 38
192 535 10
193 27 32
193 422 1
193 558 30
194 68 14
194 703 12
194 544 45
195 436 44
195 92 32
195 196 -2
196 173 23
196 468 -7
196 589 16
197 378 -3
197 361 0
197 74 28
198 338 -9
198 310 7
198 48 2
199 103 14
199 482 46
199 123 50
200 150 -10
200 61 3
200 73 48
201 494 45
201 264 21
201 567 36
202 375 47
202 213 38
202 186 2
203 65 22
203 163 -2
203 385 10
204 64 28
204 99 -10
204 357 10
205 470 47
205 516 9
205 214 25
206 548 7
206 574 36
206 400 23
207 316 24
207 510 32
207 723 44
208 91 -6
208 562 15
208 569 40
209 271 21
209 424 7
209 470 12
210 500 10
210 664 30
210 403 18
211 695 7
211 264 40
211 232 24
212 644 45
212 291 9
212 60 29
213 288 23
213 505 32
213 239 34
214 107 -10
214 245 49
214 603 44
215 635 45
215 725 25
215 450 35
216 184 1
216 17 6
216 469 19
217 430 -4
217 53 36
217 385 29
218 354 32
218 296 39
218 312 -8
219 288 35
219 551 28
219 11 34
220 303 37
220 76 7
220 252 46
221 440 17
221 241 12
221 115 40
222 108 45
222 634 27
222 559 4
223 528 -4
223 606 -10
223 190 28
224 584 5
224 28 45
224 409 48
225 582 -4
225 349 34
225 656 31
226 518 2
226 185 29
226 179 38
227 222 19
227 595 50
227 701 22
228 681 26
228 119 21
228 169 -10
229 267 47
229 575 13
229 710 31
230 260 19
230 648 -6
230 427 12
231 622 11
231 229 2
231 307 -1
232 25 34
232 690 44
232 371 24
233 238 -4
233 448 26
233 445 26
234 494 24
234 676 31
234 338 35
235 189 1
235 643 -6
235 664 15
236 656 20
236 514 36
236 308 4
237 64 -1
237 461 3
237 511 -5
238 599 -1
238 355 39
238 533 0
239 413 30
239 333 19
239 432 24
240 394 -4
240 643 40
240 365 40
241 34 39
241 332 3
241 362 5
242 350 19
242 698 29
242 605 2
243 679 10
243 578 4
243 475 -4
244 221 -4
244 238 -3
244 462 12
245 688 -8
245 507 13
245 138 -6
246 265 33
246 337 32
246 511 -2
247 87 27
247 251 33
247 676 0
248 626 1
248 220 37
248 191 -4
249 305 -7
249 480 -9
249 522 34
250 653 31
250 475 -5
250 297 42
251 607 -8
251 693 7
251 490 10
252 465 8
252 303 48
252 455 15
253 575 14
253 141 21
253 578 18
254 645 48
254 563 31
254 522 26
255 624 30
255 387 27
255 206 23
256 201 -7
256 580 19
256 712 -8
257 142 27
257 192 38
257 132 17
258 692 48
258 250 26
258 115 26
259 364 5
259 380 11
259 702 10
260 643 27
260 238 22
260 540 19
261 203 17
261 280 19
261 382 36
262 361 13
262 47 27
262 473 9
263 482 34
263 503 -10
263 206 5
264 92 24
264 53 36
264 158 -2
265 513 -3
265 225 -7
265 619 -10
266 712 -10
266 171 10
266 56 42
267 687 -9
267 578 30
267 314 22
268 147 1
268 535 49
268 464 5
269 317 8
269 290 11
269 9 1
270 154 -2
270 91 48
270 468 18
271 286 36
271 128 26
271 693 -7
272 631 48
272 167 40
272 636 36
273 551 -3
273 61 13
273 421 48
274 580 12
274 617 47
274 449 18
275 672 26
275 490 17
275 66 -8
276 216 16
276 179 49
276 631 24
277 98 -3
277 141 50
277 628 12
278 547 -6
278 39 14
278 678 -7
279 699 5
279 238 49
279 167 27
280 410 50
280 270 8
280 503 12
281 698 19
281 596 34
281 444 34
282 666 12
282 43 7
282 724 8
283 99 22
283 561 36
283 296 13
284 338 1
284 239 30
284 548 4
285 600 29
285 407 -6
285 338 6
286 176 27
286 462 5
286 651 18
287 672 11
287 47 11
287 322 40
288 452 45
288 204 -7
288 113 35
289 96 -5
289 566 -8
289 81 -4
290 301 8
290 690 46
290 484 -5
291 551 42
291 335 39
291 286 5
292 423 31
292 159 18
292 647 43
293 520 43
293 637 22
293 296 49
294 16 18
294 116 13
294 646 29
295 64 6
295 109 4
295 469 39
296 130 38
296 160 35
296 390 5
297 538 11
297 308 14
297 268 30
298 563 44
298 490 24
298 279 43
299 195 15
299 8 28
299 98 45
300 491 34
300 432 21
300 447 45
301 559 19
301 662 35
301 32 34
302 434 25
302 71 26
302 222 -9
303 445 35
303 287 47
303 514 -2
304 394 32
304 348 15
304 673 44
305 668 10
305 301 22
305 700 44
306 327 47
306 359 12
306 228 -8
307 19 -4
307 305 39
307 599 16
308 606 -8
308 580 38
308 585 34
309 496 22
309 354 -1
309 458 24
310 632 13
310 350 8
310 22 -9
311 625 42
311 710 34
311 357 31
312 373 44
312 291 29
312 465 38
313 372 21
313 548 26
313 556 5
314 391 26
314 442 24
314 624 48
315 478 16
315 266 18
315 239 20
316 378 36
316 410 35
316 36 -3
317 473 20
317 4 35
317 536 26
318 695 11
318 630 38
318 408 36
319 365 41
319 720 -6
319 401 42
320 408 31
320 162 27
320 262 41
321 542 -10
321 296 35
321 348 18
322 575 42
322 454 18
322 433 1
323 294 -2
323 400 29
323 364 17
324 209 37
324 1 8
324 596 37
325 647 25
325 288 43
325 715 13
326 281 -1
326 436 -10
326 713 43
327 461 44
327 680 -5
327 310 1
328 548 -1
328 88 44
328 99 -1
329 179 32
329 355 6
329 682 6
330 385 21
330 461 45
330 685 35
331 48 25
331 50 -7
331 472 -1
332 48 36
332 82 18
332 18 26
333 475 14
333 628 10
333 227 0
334 244 47
334 605 18
334 582 14
335 314 -7
335 118 50
335 123 6
336 341 8
336 568 6
336 31 -3
337 42 50
337 201 13
337 693 0
338 260 11
338 630 -2
338 213 31
339 619 -4
339 75 11
339 117 34
340 393 16
340 645 28
340 94 -8
341 267 -10
341 724 23
341 442 0
342 487 -6
342 17 24
342 200 21
343 250 40
343 613 -9
343 110 17
344 181 -6
344 54 27
344 466 22
345 79 24
345 512 11
345 673 -2
346 135 28
346 114 33
346 719 39
347 633 -6
347 666 30
347 282 31
348 242 36
348 407 24
348 426 -8
349 449 15
349 528 47
349 438 6
350 308 8
350 58 -2
350 290 -9
351 157 16
351 596 -2
351 515 20
352 229 -2
352 443 44
352 712 38
353 721 9
353 592 11
353 670 48
354 245 46
354 251 38
354 333 31
355 155 39
355 177 20
355 93 -5
356 531 9
356 181 17
356 417 13
357 368 -4
357 581 6
357 116 -4
358 483 22
358 221 22
358 565 1
359 218 30
359 708 13
359 451 7
360 65 36
360 648 49
360 349 16
361 626 -3
361 503 -6
361 308 16
362 411 -1
362 638 37
362 648 21
363 499 13
363 690 39
363 79 -6
364 520 46
364 28 7
364 594 17
365 7 26
365 256 -8
365 28 46
366 648 32
366 615 -2
366 216 31
367 718 -3
367 416 5
367 264 -1
368 143 -9
368 494 22
368 198 49
369 502 -2
369 359 36
369 678 24
370 322 19
370 658 44
370 572 39
371 475 7
371 684 -1
371 32 23
372 301 45
372 62 -3
372 318 19
373 91 -10
373 252 40
373 62 18
374 398 14
374 689 -8
374 484 21
375 450 41
375 645 47
375 509 21
376 708 24
376 410 4
376 271 42
377 278 32
377 556 43
377 493 41
378 336 3
378 258 39
378 316 27
379 391 14
379 163 13
379 604 16
380 416 36
380 481 24
380 267 -1
381 452 23
381 15 17
381 669 11
382 681 31
382 329 48
382 162 40
383 277 35
383 257 24
383 379 3
384 200 49
384 428 42
384 698 24
385 165 20
385 613 12
385 713 18
386 434 15
386 116 29
386 721 2
387 236 34
387 667 25
387 700 21
388 376 44
388 725 20
388 142 -2
389 700 39
389 108 -4
389 727 40
390 640 38
390 59 -10
390 403 46
391 163 17
391 252 13
391 396 25
392 309 48
392 132 34
392 344 35
393 506 39
393 481 44
393 93 11
394 72 48
394 458 20
394 451 4
395 623 34
395 137 5
395 67 45
396 349 36
396 467 33
396 708 8
397 718 30
397 66 -3
397 93 40
398 511 9
398 139 12
398 49 41
399 331 34
399 73 42
399 328 11
400 440 28
400 41 3
400 455 20
401 625 -9
401 320 43
401 548 27
402 725 41
402 516 49
402 403 13
403 163 38
403 279 30
403 716 27
404 428 12
404 235 4
404 697 15
405 56 31
405 91 37
405 659 5
406 482 8
406 546 6
406 583 -4
407 600 11
407 4 34
407 685 38
408 598 50
408 700 31
408 487 50
409 623 17
409 93 34
409 335 14
410 649 16
410 67 14
410 318 37
411 468 46
411 177 -5
411 248 38
412 340 27
412 708 27
412 619 19
413 92 37
413 370 6
413 102 16
414 390 19
414 16 30
414 163 -9
415 528 17
415 392 8
415 306 3
416 314 -3
416 0 31
416 521 24
417 516 11
417 717 45
417 484 13
418 172 -5
418 495 31
418 550 2
419 642 13
419 376 18
419 375 -5
420 622 27
420 206 42
420 709 -5
421 65 22
421 581 34
421 608 16
422 580 8
422 408 44
422 75 33
423 568 6
423 608 26
423 728 35
424 277 23
424 723 5
424 289 33
425 503 -3
425 39 9
425 592 33
426 465 46
426 698 41
426 707 8
427 524 37
427 343 50
427 408 24
428 11 31
428 44 19
428 446 40
429 324 50
429 310 0
429 529 20
430 560 -1
430 639 5
430 292 48
431 284 47
431 441 0
431 320 12
432 660 -7
432 145 4
432 508 11
433 545 32
433 117 -2
433 536 50
434 603 20
434 280 44
434 645 0
435 263 14
435 460 -1
435 646 6
436 373 50
436 112 1
436 280 14
437 696 21
437 110 46
437 353 29
438 279 41
438 98 44
438 478 4
439 143 30
439 216 23
439 304 37
440 626 22
440 439 4
440 575 7
441 560 27
441 515 45
441 566 -1
442 119 18
442 116 -9
442 557 8
443 248 -1
443 390 15
443 677 21
444 581 2
444 357 30
444 43 1
445 599 -3
445 598 28
445 702 -10
446 550 45
446 404 -1
446 697 -6
447 349 38
447 390 32
447 90 35
448 27 46
448 728 21
448 718 16
449 203 47
449 213 6
449 244 7
450 569 6
450 666 20
450 590 41
451 190 2
451 583 28
451 498 10
452 726 -5
452 586 17
452 398 4
453 303 13
453 296 8
453 47 4
454 203 0
454 296 43
454 504 29
455 224 22
455 123 17
455 447 -6
456 361 6
456 35 20
456 289 17
457 624 47
457 578 24
457 372 28
458 66 26
458 220 17
458 343 42
459 198 41
459 247 17
459 180 34
460 632 8
460 527 6
460 9 30
461 682 5
461 194 4
461 102 0
462 236 -2
462 362 19
462 523 10
463 616 -10
463 320 36
463 281 -1
464 188 33
464 115 -10
464 318 22
465 64 38
465 191 33
465 121 1
466 448 44
466 701 16
466 120 -4
467 260 7
467 572 9
467 164 2
468 360 39
468 401 -2
468 556 35
469 717 24
469 588 19
469 565 29
470 409 15
470 663 8
470 335 25
471 641 10
471 582 36
471 48 6
472 147 3
472 190 -6
472 323 14
473 46 42
473 325 30
473 699 30
474 171 17
474 565 -6
474 383 33
475 339 19
475 92 27
475 234 -5
476 178 -9
476 558 45
476 572 8
477 436 30
477 237 16
477 65 40
478 359 9
478 464 29
478 399 34
479 325 -9
479 68 19
479 418 18
480 364 13
480 447 -1
480 116 -2
481 633 23
481 442 6
481 570 29
482 727 38
482 19 20
482 396 2
483 79 50
483 506 23
483 253 -8
484 472 37
484 555 19
484 23 29
485 290 7
485 254 36
485 534 48
486 80 35
486 103 20
486 401 1
487 415 -4
487 488 8
487 353 -10
488 323 39
488 308 3
488 626 19
489 661 -4
489 96 -2
489 507 50
490 364 13
490 102 -6
490 363 44
491 670 -5
491 435 42
491 717 5
492 33 -1
492 291 1
492 198 37
493 299 1
493 404 33
494 264 15
494 379 32
494 267 32
495 298 47
495 382 18
495 505 8
496 349 28
496 192 20
496 709 -5
497 61 9
497 134 48
497 656 23
498 167 48
498 73 5
498 499 33
499 643 12
499 506 39
499 549 38
500 6 4
500 94 24
500 569 42
501 324 21
501 154 21
501 641 32
502 228 7
502 32 28
502 710 31
503 453 25
503 635 22
503 227 -10
504 535 -9
504 409 -10
504 264 20
505 19 19
505 361 22
505 629 50
506 453 -5
506 546 -1
506 48 -8
507 419 13
507 635 2
507 41 -9
508 118 -2
508 726 5
508 182 32
509 250 1
509 431 14
509 383 24
510 160 -10
510 666 -5
510 290 -3
511 387 37
511 473 -5
511 17 19
512 450 38
512 287 10
512 612 6
513 694 16
513 24 6
513 269 18
514 183 15
514 274 3
514 674 15
515 359 44
515 211 8
515 77 8
516 315 28
516 686 16
516 286 26
517 267 29
517 464 4
517 321 40
518 571 8
518 479 29
518 86 -5
519 445 31
519 46 12
519 360 47
520 204 14
520 699 43
520 516 4
521 699 2
521 639 14
521 157 36
522 458 -4
522 317 37
522 239 32
523 416 -7
523 336 47
523 456 37
524 91 18
524 381 12
524 600 14
525 96 5
525 612 32
525 529 2
526 59 -5
526 270 32
526 584 18
527 698 26
527 114 -9
527 446 35
528 262 43
528 51 18
528 576 11
529 407 -4
529 722 18
529 656 19
530 609 21
530 104 32
530 236 35
531 159 -9
531 498 -8
531 377 31
532 234 17
532 278 -7
532 122 41
533 641 10
533 27 31
533 195 17
534 3 21
534 634 1
534 281 10
535 2 -1
535 139 47
535 321 25
536 156 -5
536 368 34
536 727 25
537 325 44
537 302 37
537 314 15
538 595 6
538 541 -9
538 626 44
539 251 44
539 406 46
539 591 -6
540 521 28
540 12 25
540 77 27
541 652 39
541 395 24
541 213 10
542 388 -7
542 167 19
542 204 -5
543 502 32
543 318 45
543 434 47
544 688 4
544 629 12
544 183 14
545 564 -7
545 174 17
545 464 22
546 567 44
546 709 8
546 358 -6
547 532 49
547 213 36
547 229 19
548 491 2
548 691 15
548 654 23
549 154 42
549 644 16
549 509 22
550 18 -9
550 632 16
550 622 -6
551 319 -6
551 493 -8
551 138 -4
552 620 18
552 498 25
552 444 29
553 711 46
553 258 43
553 606 42
554 682 14
554 252 21
554 185 34
555 317 18
555 518 5
555 560 38
556 41 21
556 254 19
556 655 26
557 250 -9
557 632 32
557 471 3
558 365 24
558 683 -7
558 325 6
559 121 39
559 170 49
559 323 26
560 267 38
560 433 29
560 330 36
561 494 8
561 192 -9
561 437 25
562 151 -4
562 102 16
562 537 -4
563 32 28
563 151 18
563 175 -8
564 301 23
564 383 50
564 597 8
565 299 -6
565 496 2
565 308 41
566 132 45
566 242 15
566 92 3
567 488 43
567 379 -5
567 10 1
568 356 -8
568 117 0
568 704 48
569 279 13
569 123 14
569 467 -7
570 548 -3
570 356 9
570 29 -7
571 93 26
571 468 35
571 339 21
572 109 12
572 494 4
572 606 31
573 319 12
573 243 10
573 274 26
574 239 21
574 31 36
574 343 16
575 306 -3
575 325 28
575 471 -3
576 598 43
576 492 -8
576 526 28
577 58 15
577 532 23
577 463 -4
578 407 0
578 480 26
578 1 40
579 340 49
579 50 5
579 642 35
580 194 29
580 417 17
580 691 -5
581 728 25
581 268 26
581 69 -6
582 195 19
582 526 11
582 354 39
583 631 -2
583 452 5
583 524 32
584 622 28
584 29 36
584 720 -1
585 670 50
585 497 -10
585 498 44
586 178 28
586 319 47
586 155 24
587 67 -5
587 40 8
587 281 26
588 684 36
588 477 40
588 205 0
589 419 15
589 526 1
589 289 32
590 88 2
590 58 28
590 310 10
591 584 38
591 214 47
591 699 14
592 404 22
592 347 49
592 579 35
593 545 17
593 568 24
593 221 32
594 252 35
594 218 -3
594 474 37
595 576 -4
595 175 46
595 331 16
596 128 22
596 618 39
596 284 26
597 595 26
597 253 50
597 161 30
598 345 16
598 50 33
598 534 9
599 125 26
599 275 50
599 465 29
600 21 13
600 543 3
600 296 23
601 130 11
601 90 -5
601 197 25
602 284 2
602 585 34
602 542 39
603 597 -1
603 193 0
603 310 16
604 527 49
604 173 21
604 32 -7
605 233 0
605 670 -3
605 73 2
606 432 12
606 235 18
606 233 24
607 331 19
607 293 27
607 616 33
608 519 7
608 580 10
608 153 3
609 429 29
609 628 49
609 448 -6
610 379 5
610 535 41
610 383 14
611 199 26
611 112 46
611 681 -5
612 138 41
612 548 14
612 590 16
613 580 13
613 297 36
613 394 15
614 65 -5
614 516 -7
614 352 -8
615 197 16
615 262 33
615 159 46
616 60 25
616 190 34
616 360 1
617 144 36
617 217 17
617 72 25
618 346 46
618 183 21
618 363 42
619 634 32
619 38 -3
619 563 41
620 597 25
620 289 6
620 146 7
621 64 4
621 82 16
621 87 46
622 471 35
622 229 12
622 402 3
623 388 -8
623 644 49
623 598 31
624 363 2
624 659 -4
624 181 50
625 6 6
625 415 -10
625 617 28
626 491 40
626 433 9
626 680 -10
627 436 8
627 91 22
627 546 6
628 127 36
628 423 -3
628 80 21
629 473 30
629 284 18
629 190 4
630 245 30
630 555 22
630 167 46
631 618 39
631 636 25
631 194 42
632 142 15
632 648 4
632 491 4
633 123 47
633 406 47
633 383 49
634 555 43
634 372 32
634 444 -5
635 485 47
635 79 -2
635 567 -6
636 578 3
636 447 13
636 611 -6
637 210 42
637 467 44
637 513 49
638 534 -5
638 608 14
638 628 42
639 63 48
639 558 1
639 253 -4
640 355 50
640 499 35
640 219 6
641 66 16
641 452 -8
641 450 -10
642 709 48
642 38 32
642 390 50
643 567 25
643 204 31
643 713 26
644 176 6
644 375 31
644 75 46
645 559 42
645 460 -1
645 256 -2
646 162 22
646 241 15
646 722 28
647 462 17
647 465 21
647 364 9
648 110 37
648 370 21
648 101 3
649 126 46
649 285 26
649 99 13
650 127 -3
650 656 39
650 684 21
651 401 10
651 315 23
651 204 8
652 624 22
652 473 18
652 290 9
653 455 -4
653 23 2
653 688 -9
654 281 8
654 644 41
654 550 -3
655 217 -6
655 589 -5
655 109 -3
656 214 14
656 478 10
656 304 11
657 175 22
657 120 50
657 553 31
658 387 47
658 215 39
658 67 50
659 576 -9
659 445 22
659 252 6
660 148 20
660 504 49
660 60 42
661 554 45
661 326 32
661 217 22
662 39 0
662 31 36
662 373 33
663 440 -1
663 300 1
663 638 34
664 193 -7
664 94 2
664 314 20
665 398 36
665 659 -7
665 252 24
666 247 5
666 586 45
666 397 30
667 270 36
667 516 24
667 70 19
668 614 -3
668 174 49
668 483 40
669 97 -1
669 235 33
669 507 20
670 374 -3
670 658 25
670 627 21
671 214 8
671 644 7
671 708 10
672 413 46
672 11 19
672 686 7
673 592 5
673 629 0
673 225 2
674 642 40
674 607 6
674 333 39
675 311 3
675 357 -3
675 22 0
676 1 45
676 124 -4
676 209 7
677 614 2
677 488 24
677 259 -5
678 669 -10
678 724 4
678 688 42
679 150 49
679 34 13
679 199 33
680 409 43
680 384 11
680 509 12
681 388 10
681 225 45
681 218 42
682 112 6
682 485 16
682 350 15
683 143 35
683 199 18
683 4 33
684 73 40
684 517 20
684 464 -3
685 331 3
685 644 -6
685 346 0
686 573 26
686 187 39
686 388 47
687 130 32
687 316 20
687 496 26
688 680 41
688 98 9
688 125 -9
689 414 25
689 524 14
689 11 30
690 659 -4
690 433 24
690 195 39
691 124 7
691 120 -10
691 141 44
692 481 -5
692 640 27
692 280 40
693 560 26
693 182 21
693 308 13
694 211 42
694 199 -9
694 198 31
695 216 15
695 407 35
695 432 5
696 116 41
696 127 3
696 605 49
697 79 15
697 696 12
697 65 27
698 660 22
698 232 40
698 360 32
699 26 50
699 448 30
699 408 24
700 569 18
700 637 29
700 484 15
701 585 11
701 281 49
701 689 40
702 470 34
702 2 -4
702 629 20
703 68 18
703 15 9
703 480 24
704 515 11
704 434 46
704 383 30
705 457 33
705 479 40
705 47 44
706 672 40
706 164 -1
706 517 26
707 349 46
707 626 27
707 580 42
708 583 38
708 8 50
708 250 6
709 659 6
709 352 43
709 616 27
710 54 31
710 580 35
710 114 32
711 22 4
711 204 48
711 339 29
712 572 38
712 112 -5
712 380 8
713 180 -1
713 120 5
713 585 24
714 308 12
714 560 40
714 166 1
715 468 27
715 295 3
715 589 1
716 728 -3
716 145 -9
716 695 4
717 380 40
717 515 35
717 46 23
718 153 22
718 543 41
718 691 31
719 141 2
719 379 31
719 177 5
720 159 -6
720 567 34
720 63 40
721 467 41
721 148 24
721 79 18
722 648 47
722 242 41
722 676 15
723 148 21
723 93 9
723 106 32
724 553 19
724 151 45
724 45 18
725 397 14
725 460 38
725 299 16
726 607 1
726 150 22
726 195 36
727 447 36
727 402 14
727 201 4
728 666 27
728 640 39
728 693 45
