0 180 -9
0 174 22
0 158 41
1 145 -1
1 119 44
1 134 39
2 72 28
2 43 4
2 168 37
3 31 31
3 20 4
3 122 30
4 150 23
4 128 36
4 50 46
5 231 41
5 234 16
5 137 40
6 2 36
6 25 -10
6 41 -2
7 171 16
7 98 -2
7 154 8
8 224 32
8 37 2
8 18 33
9 176 50
9 234 -1
9 69 -3
10 35 15
10 209 34
10 143 -3
11 30 2
11 224 -3
11 21 29
12 17 6
12 204 8
12 30 13
13 72 28
13 240 -3
13 212 48
14 61 34
14 111 45
14 213 28
15 22 26
15 224 25
15 123 -6
16 53 38
16 19 17
16 134 6
17 90 27
17 82 33
17 142 41
18 185 -3
18 188 18
18 182 -9
19 182 43
19 210 37
19 20 22
20 165 45
20 146 21
20 140 17
21 127 23
21 118 24
21 156 9
22 47 46
22 102 49
22 42 17
23 65 -5
23 12 -9
23 107 -4
24 9 4
24 29 37
24 71 18
25 22 -3
25 14 50
25 132 47
26 7 7
26 96 24
26 29 -4
27 239 49
27 46 11
27 89 14
28 29 45
28 32 -1
28 13 42
29 63 41
29 144 -9
29 186 36
30 173 23
30 221 50
30 241 40
31 81 47
31 233 42
31 234 -4
32 222 -2
32 133 11
32 191 -8
33 161 40
33 0 44
33 40 10
34 229 12
34 22 15
34 107 33
35 170 21
35 68 43
35 112 23
36 116 47
36 124 41
36 43 -9
37 123 -1
37 73 48
37 36 45
38 121 46
38 49 39
38 82 9
39 93 -4
39 114 -6
39 41 17
40 132 45
40 65 16
40 227 28
41 89 -2
41 127 41
41 128 -10
42 225 39
42 1 32
42 90 5
43 150 50
43 46 20
43 99 20
44 231 14
44 80 12
44 138 38
45 134 43
45 225 -9
45 168 32
46 213 43
46 34 41
46 185 13
47 130 15
47 24 3
47 116 7
48 122 28
48 102 1
48 68 29
49 150 -4
49 165 35
49 184 27
50 64 9
50 220 18
50 42 -9
51 95 50
51 150 20
51 48 31
52 211 19
52 223 20
52 218 3
53 170 43
53 60 -1
53 193 46
54 160 44
54 60 -10
54 48 29
55 186 37
55 105 24
55 38 6
56 228 35
56 208 -5
56 94 27
57 71 32
57 52 24
57 42 35
58 130 14
58 184 16
58 173 13
59 1 -5
59 64 41
59 235 35
60 152 -7
60 14 11
60 83 46
61 160 15
61 170 42
61 84 -10
62 145 4
62 159 50
62 85 4
63 75 29
63 94 40
63 129 -5
64 56 40
64 26 50
64 114 -2
65 227 44
65 47 25
65 216 6
66 38 31
66 174 49
66 94 18
67 236 7
67 141 1
67 173 -2
68 239 2
68 32 24
68 20 50
69 222 33
69 237 40
69 228 -6
70 93 20
70 175 5
70 185 -7
71 156 8
71 37 17
71 224 33
72 7 37
72 0 49
73 16 1
73 198 46
73 157 25
74 142 22
74 109 23
74 179 26
75 19 30
75 30 19
75 11 38
76 4 24
76 166 21
76 200 10
77 83 9
77 236 27
77 16 -2
78 164 11
78 180 16
78 34 20
79 22 -1
79 48 10
79 126 42
80 224 37
80 137 39
80 172 -10
81 108 6
81 80 13
81 44 15
82 136 30
82 74 -4
82 231 23
83 23 -8
83 206 23
83 39 43
84 193 47
84 110 22
84 83 0
85 163 13
85 117 0
85 57 7
86 157 36
86 212 45
86 5 0
87 26 19
87 133 28
87 134 41
88 178 5
88 2 24
88 58 4
89 143 41
89 168 1
89 177 12
90 72 14
90 48 48
90 140 7
91 49 5
91 123 35
91 90 33
92 212 9
92 33 -8
92 10 49
93 53 -6
93 72 -7
94 117 49
94 191 -8
94 9 -9
95 180 5
95 4 4
95 162 11
96 239 43
96 66 14
96 197 37
97 82 5
97 141 38
97 41 0
98 130 14
98 61 8
98 236 36
99 125 25
99 218 43
99 49 32
100 159 11
100 195 48
100 139 17
101 134 9
101 11 -6
101 193 36
102 89 15
102 10 19
102 203 0
103 143 45
103 228 10
103 74 6
104 92 28
104 160 38
104 95 10
105 192 2
105 76 43
105 34 22
106 214 8
106 233 13
106 37 -2
107 53 6
107 234 22
107 215 3
108 219 15
108 192 17
108 202 46
109 228 32
109 34 -5
109 182 15
110 161 2
110 64 44
110 139 22
111 73 44
111 206 39
111 100 21
112 119 39
112 56 30
112 133 28
113 240 6
113 146 30
113 152 -3
114 192 -6
114 211 18
114 49 24
115 127 34
115 101 12
115 74 -10
116 5 34
116 134 14
116 89 0
117 215 42
117 157 44
117 119 43
118 5 15
118 219 20
118 25 -10
119 17 24
119 241 25
119 60 8
120 84 -1
120 68 -6
120 235 16
121 159 -6
121 54 50
121 232 39
122 224 43
122 50 0
122 113 5
123 164 8
123 172 39
123 74 38
124 87 48
124 239 25
124 84 30
125 162 43
125 34 -1
125 43 33
126 227 5
126 198 2
126 215 28
127 226 -7
127 53 22
127 240 19
128 186 6
128 39 -2
128 19 8
129 238 6
129 199 26
129 171 16
130 94 50
130 14 38
130 126 45
131 73 45
131 35 5
131 161 10
132 181 -2
132 29 28
132 131 14
133 60 -10
133 206 41
133 132 40
134 20 9
134 173 39
134 235 22
135 122 11
135 141 -4
135 81 8
136 97 6
136 27 16
136 170 39
137 95 3
137 204 41
137 78 7
138 18 -3
138 33 43
138 149 17
139 8 -3
139 183 17
139 158 -4
140 51 10
140 95 33
140 45 0
141 198 -7
141 94 47
141 53 26
142 166 42
142 115 17
142 64 -6
143 223 32
143 140 8
143 166 8
144 149 28
144 121 14
144 214 15
145 12 0
145 229 33
145 27 37
146 162 47
146 65 41
146 109 31
147 158 16
147 151 33
147 102 13
148 75 13
148 56 27
148 125 48
149 118 25
149 204 11
149 8 44
150 137 10
150 199 1
150 202 18
151 201 26
151 19 28
151 99 48
152 104 13
152 77 29
152 199 44
153 49 15
153 230 21
153 9 39
154 124 24
154 16 28
154 174 24
155 3 -1
155 132 35
156 56 2
156 54 31
156 122 34
157 217 7
157 52 -7
157 224 47
158 152 10
158 145 33
158 204 28
159 160 33
159 4 -8
159 137 50
160 97 46
160 207 -2
160 139 12
161 102 41
161 66 -1
161 62 12
162 69 46
162 8 1
162 0 35
163 95 37
163 80 28
163 63 7
164 52 -8
164 57 9
164 115 6
165 99 39
165 62 -2
165 49 -6
166 194 45
166 181 8
166 164 42
167 225 36
167 43 13
167 64 45
168 10 28
168 37 20
168 167 -3
169 223 37
169 120 -9
169 65 12
170 190 16
170 99 33
170 129 39
171 48 18
171 201 35
171 190 39
172 43 32
172 107 35
172 46 36
173 223 17
173 240 30
173 41 46
174 20 42
174 142 48
174 34 34
175 241 -2
175 128 45
175 208 33
176 203 7
176 160 16
176 60 36
177 55 12
177 57 45
177 178 13
178 202 -3
178 104 28
178 225 42
179 39 32
179 236 -5
179 182 5
180 35 49
180 140 -1
180 207 43
181 42 44
181 241 46
181 144 12
182 9 27
182 136 13
182 104 25
183 202 14
183 231 17
183 70 42
184 125 -9
184 167 35
184 113 30
185 157 26
185 210 -10
185 44 0
186 61 8
186 169 -2
186 16 -3
187 83 36
187 22 5
187 65 38
188 62 10
188 207 26
188 89 0
189 53 7
189 9 -8
189 46 41
190 223 42
190 52 32
190 5 -7
191 119 37
191 137 22
191 175 5
192 63 39
192 155 35
192 117 29
193 232 42
193 210 25
193 177 7
194 104 36
194 110 40
194 133 -1
195 177 -5
195 134 11
195 105 14
196 80 2
196 156 36
196 97 28
197 98 -3
197 230 46
197 231 50
198 45 -7
198 96 3
198 232 22
199 228 43
199 175 25
199 187 -4
200 217 2
200 126 -8
200 155 14
201 39 15
201 10 20
201 59 18
202 193 18
202 16 -9
202 132 36
203 81 31
203 28 15
203 224 5
204 109 3
204 216 2
204 202 4
205 66 28
205 95 25
205 191 29
206 194 -2
206 33 3
206 9 38
207 87 30
207 146 46
207 30 41
208 22 7
208 230 -9
208 18 33
209 193 13
209 144 2
209 55 33
210 211 47
210 43 11
210 59 12
211 213 43
211 118 38
211 241 50
212 42 44
212 94 15
212 179 44
213 11 20
213 171 -5
213 97 8
214 5 32
214 239 21
214 75 10
215 155 4
215 170 10
215 63 37
216 115 7
216 237 41
216 36 31
217 157 15
217 119 6
217 143 39
218 18 3
218 210 44
218 92 39
219 194 9
219 72 43
219 92 38
220 55 49
220 37 24
220 180 5
221 53 21
221 120 10
221 90 48
222 136 48
222 102 50
222 152 22
223 216 9
223 110 37
223 92 24
224 98 6
224 97 16
224 155 -8
225 23 39
225 174 15
225 36 25
226 85 6
226 156 37
226 122 2
227 53 14
227 196 29
227 129 10
228 216 37
228 89 28
228 59 -5
229 8 50
229 100 2
229 199 23
230 170 24
230 4 1
230 120 13
231 176 -1
231 92 8
231 27 16
232 241 -4
232 99 20
232 193 24
233 27 27
233 163 40
233 143 -8
234 36 25
234 115 36
234 106 31
235 97 4
235 38 -4
235 152 33
236 2 25
236 242 23
236 119 43
237 233 17
237 15 18
237 224 41
238 181 43
238 47 8
238 86 8
239 32 30
239 65 43
239 6 39
240 178 4
240 14 -7
240 102 1
241 30 -1
241 56 27
241 52 21
242 212 21
242 199 -7
242 112 49
