0 69 11
0 140 45
1 200 -1
1 30 18
2 196 3
2 173 5
3 132 49
3 208 -7
4 133 2
4 211 11
5 233 45
5 105 1
6 216 39
6 22 42
7 195 46
7 83 -7
8 63 -5
8 33 35
9 55 16
9 23 -9
10 67 48
10 0 20
11 76 -3
11 128 8
12 158 22
12 219 34
13 119 34
13 7 20
14 34 1
14 159 20
15 172 12
15 102 34
16 226 -3
16 212 13
17 69 44
17 189 -10
18 13 14
18 225 21
19 51 22
19 148 3
20 16 18
20 221 8
21 89 39
21 92 47
22 36 4
22 102 -9
23 181 6
23 132 28
24 209 37
24 25 32
25 89 -6
25 87 8
26 52 34
26 160 8
27 213 43
27 9 18
28 200 22
28 32 34
29 123 31
29 26 8
30 207 17
30 8 47
31 163 42
31 117 -4
32 102 -2
32 40 26
33 208 25
33 239 14
34 91 28
34 94 35
35 224 49
35 137 -8
36 124 16
36 219 15
37 106 12
37 110 25
38 214 -1
38 143 1
39 208 45
39 31 -2
40 74 14
40 61 -10
41 46 15
41 196 6
42 1 10
42 59 19
43 217 45
43 45 13
44 148 33
44 103 34
45 26 43
45 83 19
46 238 35
46 88 32
47 226 21
47 240 13
48 220 6
48 24 16
49 133 28
49 33 48
50 215 0
50 177 41
51 113 45
51 166 26
52 206 -10
52 239 4
53 133 15
53 225 49
54 73 11
54 94 25
55 24 16
55 58 47
56 92 26
56 93 3
57 35 45
57 104 12
58 172 19
58 68 18
59 124 30
59 137 -5
60 197 15
60 52 8
61 211 34
61 0 36
62 73 46
62 115 11
63 240 5
63 189 -7
64 206 -9
64 43 43
65 193 30
65 78 19
66 220 15
66 113 47
67 0 3
67 212 9
68 115 13
68 161 25
69 100 5
69 81 29
70 38 13
70 75 35
71 54 33
71 235 49
72 24 6
72 240 13
73 152 -9
73 96 28
74 73 -2
74 33 16
75 1 -9
75 97 35
76 31 50
76 190 32
77 224 -10
77 103 1
78 159 -7
78 149 -2
79 12 50
79 153 42
80 21 41
80 194 -1
81 43 45
81 238 39
82 99 -7
82 101 -3
83 77 45
83 218 49
84 240 37
84 77 50
85 238 50
85 125 45
86 33 50
86 55 19
87 219 -4
87 187 18
88 57 35
88 100 3
89 218 -6
89 176 29
90 65 16
90 1 8
91 159 -2
91 107 37
92 224 -5
92 174 35
93 80 47
93 235 44
94 232 6
94 173 23
95 227 16
95 165 40
96 90 17
96 62 20
97 117 3
97 147 -3
98 236 21
98 141 21
99 25 22
99 90 21
100 162 23
100 3 43
101 180 41
101 12 41
102 53 39
102 77 -6
103 74 41
103 87 -10
104 193 42
104 174 1
105 111 28
105 138 37
106 12 -4
106 211 45
107 213 17
107 188 36
108 29 -6
108 113 25
109 26 -6
109 29 5
110 172 14
110 239 30
111 149 -5
111 97 22
112 228 28
112 7 31
113 159 46
113 70 -9
114 49 22
114 188 30
115 29 43
115 95 14
116 86 35
116 70 8
117 55 13
117 71 22
118 165 -7
118 82 25
119 199 43
119 38 24
120 140 43
120 1 14
121 186 44
121 194 -8
122 36 37
122 12 34
123 216 16
123 168 -10
124 204 0
124 5 44
125 78 48
125 144 47
126 64 -3
126 54 33
127 232 19
127 33 37
128 60 9
128 41 26
129 208 -6
129 104 18
130 71 29
130 205 12
131 205 -6
131 156 49
132 55 14
132 74 0
133 2 29
133 49 13
134 138 50
134 182 45
135 181 4
135 57 48
136 157 20
136 82 6
137 185 -6
137 120 16
138 17 29
138 77 24
139 62 -4
139 77 24
140 130 21
140 94 31
141 208 3
141 107 35
142 86 32
142 30 19
143 121 5
143 69 14
144 203 36
144 114 4
145 131 45
145 31 -8
146 161 11
146 222 25
147 165 48
147 89 2
148 68 32
148 6 32
149 84 39
149 68 49
150 48 32
150 85 -9
151 131 24
151 198 -5
152 119 31
152 173 27
153 129 13
153 9 -2
154 114 43
154 213 -2
155 194 27
155 47 9
156 181 27
156 197 15
157 153 36
157 167 -8
158 206 21
158 24 19
159 138 15
159 237 24
160 32 6
160 103 -6
161 165 37
161 145 15
162 122 33
162 76 2
163 129 33
163 61 28
164 39 14
164 214 -6
165 11 16
165 140 23
166 176 -6
166 30 -3
167 33 41
167 229 -6
168 164 6
168 75 20
169 242 2
169 216 40
170 8 7
170 182 49
171 237 44
171 54 49
172 7 35
172 84 6
173 167 29
173 62 49
174 88 41
174 184 21
175 103 44
175 23 39
176 43 48
176 152 25
177 219 31
177 215 -2
178 93 16
178 0 -3
179 198 6
179 68 -8
180 148 20
180 15 46
181 112 50
181 98 13
182 77 36
182 34 44
183 210 31
183 34 26
184 22 32
184 69 7
185 89 48
185 83 17
186 171 33
186 210 21
187 31 47
187 80 30
188 141 28
188 235 13
189 209 35
189 242 31
190 132 33
190 232 6
191 91 3
191 25 48
192 41 -7
192 183 34
193 4 44
193 222 44
194 241 42
194 58 18
195 46 -6
195 160 9
196 115 4
196 190 43
197 219 6
197 141 40
198 9 6
198 192 13
199 131 -4
199 84 41
200 202 45
200 131 27
201 204 38
201 136 -4
202 122 27
202 13 -9
203 44 21
203 142 24
204 234 -4
204 229 3
205 32 45
205 78 25
206 63 35
206 0 13
207 220 22
207 140 1
208 201 45
208 232 -2
209 104 24
209 159 6
210 63 31
210 74 4
211 171 -5
211 215 15
212 204 -2
212 233 0
213 185 1
213 10 38
214 32 42
214 111 41
215 238 -1
215 214 -4
216 45 25
216 237 46
217 15 40
217 232 -9
218 216 -1
218 186 4
219 158 13
219 78 42
220 37 7
220 81 -5
221 183 -5
221 31 3
222 79 44
222 165 -10
223 152 14
223 138 16
224 7 45
224 165 22
225 181 38
225 88 26
226 137 -3
226 19 -1
227 148 10
227 143 -6
228 220 15
228 13 36
229 0 25
229 142 4
230 63 6
230 73 50
231 44 10
231 152 -2
232 62 6
232 111 -9
233 236 32
233 42 -5
234 131 -5
234 50 -4
235 84 49
235 97 6
236 15 34
236 22 44
237 12 -5
237 72 45
238 47 50
238 83 48
239 70 40
239 40 32
240 86 48
240 136 16
241 235 30
241 38 50
242 43 -2
242 193 -2
