0 546 49
0 527 46
0 80 25
1 587 29
1 324 12
1 162 36
1 688 -9
2 365 23
2 476 50
2 389 31
2 35 20
3 670 34
4 221 4
4 280 24
4 307 43
4 342 11
5 4 24
5 678 16
5 310 38
6 386 26
6 267 42
6 571 1
7 574 6
7 48 -7
7 363 -1
7 279 8
8 445 27
8 540 9
8 354 -6
8 20 -9
9 546 18
9 477 -8
9 709 13
9 153 50
10 332 29
10 0 27
10 376 43
11 28 -5
11 224 42
11 14 20
11 218 31
12 349 43
12 449 21
12 168 -5
13 145 45
13 141 6
13 656 24
13 19 5
14 553 49
14 728 28
14 384 14
14 625 19
15 383 8
15 633 32
15 345 3
15 413 33
16 446 22
16 166 11
16 404 25
16 131 -7
17 614 22
17 475 27
17 376 2
18 122 7
18 318 45
18 402 -1
18 497 45
19 271 37
19 546 47
19 217 3
19 227 26
20 216 -1
20 308 48
20 669 13
20 411 22
21 52 14
21 615 -10
21 107 49
21 509 15
22 20 4
22 368 33
22 308 9
22 456 11
23 302 36
23 50 -6
23 242 48
23 667 -6
24 168 42
24 558 -8
25 289 21
25 664 32
25 375 19
26 17 26
26 241 19
26 55 32
26 542 36
27 134 32
27 702 18
27 293 35
27 184 -9
28 13 25
28 47 0
28 399 45
28 211 23
29 531 17
29 509 49
29 348 11
29 240 31
30 550 47
30 359 50
30 510 28
30 686 41
31 302 -9
31 564 9
31 464 2
31 586 9
32 442 -3
32 225 20
32 427 50
32 67 38
33 669 -2
33 250 -4
33 559 4
33 462 0
34 381 19
34 80 -9
34 267 8
34 517 49
35 543 14
35 349 -4
35 38 -5
35 168 46
36 400 4
36 295 29
36 338 41
37 171 26
37 220 31
37 150 0
37 476 44
38 69 13
38 377 1
38 450 39
38 540 24
39 519 1
39 436 17
39 72 1
39 282 22
40 292 43
40 482 9
40 110 -5
40 687 50
41 637 8
41 229 41
41 615 26
41 112 33
42 572 0
42 727 4
42 589 6
42 96 30
43 503 -5
43 352 37
43 108 17
43 162 40
44 519 22
44 381 4
44 473 12
44 456 -4
45 372 16
45 607 5
45 184 34
45 591 -5
46 726 50
46 2 16
46 727 44
46 106 -3
47 124 41
47 663 -5
48 63 30
48 343 14
48 430 46
48 564 21
49 439 33
49 174 47
49 498 49
49 236 35
50 367 33
50 419 -3
50 217 3
50 44 38
51 79 20
51 7 44
51 611 35
51 219 -3
52 165 19
52 216 35
52 143 2
52 287 46
53 666 -9
53 604 46
53 557 27
53 522 46
54 465 45
54 400 -2
55 452 10
55 570 38
55 500 45
55 658 43
56 74 36
56 454 39
56 503 17
56 680 4
57 3 -8
57 416 41
58 86 0
58 597 6
58 8 28
58 714 45
59 498 3
59 538 12
60 626 33
60 629 49
60 706 26
60 520 49
61 719 38
61 546 34
61 133 48
61 652 37
62 311 3
62 249 33
62 447 36
62 560 34
63 461 -2
63 719 30
63 293 3
63 22 29
64 359 49
64 534 -6
64 561 10
65 130 5
65 202 11
65 414 9
65 110 4
66 384 40
66 719 5
66 432 20
66 372 21
67 420 33
67 323 42
67 506 8
67 456 40
68 289 46
68 3 46
68 280 17
68 619 -3
69 280 49
69 516 3
69 328 26
69 675 21
70 690 31
70 701 43
70 117 43
70 47 13
71 519 0
71 255 12
71 474 2
71 57 4
72 461 13
72 688 19
72 37 39
72 623 22
73 479 -6
73 281 39
73 597 11
73 699 15
74 498 15
74 493 41
74 280 -4
74 240 -3
75 129 49
75 214 12
75 222 10
75 407 50
76 168 0
76 177 9
76 75 6
76 21 30
77 227 19
77 329 41
77 702 24
77 697 41
78 155 21
78 312 40
78 583 23
78 124 23
79 332 28
79 257 30
79 266 19
79 30 38
80 650 -8
80 197 6
80 296 13
80 400 6
81 74 49
81 332 -7
81 666 26
82 599 34
82 692 48
82 157 22
82 253 30
83 146 -9
83 211 40
83 297 -5
84 26 21
84 122 4
84 59 10
84 339 36
85 714 25
85 415 34
85 241 24
85 258 40
86 195 35
86 686 38
86 71 38
86 322 22
87 104 34
87 420 47
87 286 50
87 516 10
88 334 38
88 245 -5
88 608 22
88 324 36
89 534 -4
89 424 33
89 374 21
89 241 34
90 414 28
90 661 42
90 554 23
90 263 13
91 556 33
91 253 33
91 508 50
91 105 5
92 59 0
93 50 -1
93 375 42
93 447 45
93 309 26
94 600 -9
94 633 43
94 279 36
94 626 37
95 478 39
95 626 -3
95 49 2
95 435 44
96 18 6
96 698 -1
96 166 26
96 710 47
97 660 36
97 66 14
97 617 15
97 55 -1
98 507 9
98 584 -4
98 259 37
98 305 16
99 682 21
99 167 14
99 130 -4
99 443 36
100 275 -6
100 537 23
100 538 16
100 75 42
101 595 49
101 511 20
101 537 39
101 497 50
102 173 10
102 706 38
102 302 20
102 458 30
103 27 22
103 63 36
103 344 46
103 254 14
104 556 41
104 591 35
104 381 -1
104 693 3
105 312 -7
105 396 25
105 568 13
105 360 -3
106 541 3
106 386 25
106 523 44
106 727 44
107 605 7
107 191 -9
107 224 3
107 553 24
108 327 45
108 618 48
108 647 40
108 178 10
109 569 20
109 600 43
109 253 16
109 721 35
110 690 16
110 9 36
110 233 27
110 12 -5
111 645 -3
111 596 39
111 79 23
111 17 20
112 121 28
112 215 9
112 19 32
112 125 -2
113 684 47
113 426 41
113 382 31
113 213 41
114 32 -3
114 104 50
114 170 23
114 132 29
115 704 21
115 542 19
115 246 1
115 120 47
116 288 32
116 534 40
116 487 -3
116 677 -5
117 493 -4
117 249 -8
117 666 -5
117 26 47
118 524 33
118 392 -1
118 695 -4
118 80 35
119 362 4
119 183 45
119 325 -8
119 21 47
120 288 8
120 163 -8
120 698 -8
120 543 50
121 313 23
121 427 37
121 452 20
121 633 9
122 319 12
122 439 33
123 671 40
123 138 45
123 344 25
123 193 10
124 202 39
124 110 50
124 288 3
124 445 -1
125 115 36
125 64 -5
125 533 42
125 476 -4
126 180 2
126 318 0
126 460 34
126 555 12
127 713 21
127 201 35
127 604 -5
127 73 -2
128 722 17
128 654 24
128 322 25
128 35 7
129 596 22
129 314 17
129 536 20
129 612 -7
130 649 -10
130 72 3
130 302 42
130 180 17
131 625 3
131 93 26
131 679 16
131 6 4
132 665 29
132 214 5
132 410 -5
132 344 33
133 125 17
133 70 44
133 221 41
133 355 49
134 74 12
134 54 0
134 722 16
134 91 48
135 346 8
135 385 17
135 265 11
135 556 34
136 159 25
136 129 27
136 722 -8
136 328 27
137 98 45
137 677 -2
137 109 26
137 491 -2
138 656 0
138 401 1
138 217 14
138 140 34
139 677 11
139 90 47
139 73 1
139 212 16
140 33 44
140 300 18
140 501 47
140 412 -8
141 312 32
141 380 4
141 580 21
141 576 1
142 708 13
142 502 24
142 195 -4
142 186 2
143 720 3
143 423 -1
143 616 29
143 252 32
144 148 -8
144 502 -5
144 158 30
144 150 -8
145 324 31
145 663 11
145 207 15
145 502 27
146 513 26
146 447 -6
146 473 0
147 402 49
147 728 34
147 277 5
147 143 3
148 146 14
148 561 24
148 202 41
148 105 17
149 611 33
149 21 -7
149 94 -6
149 312 46
150 326 16
150 366 31
150 312 30
150 654 10
151 523 13
151 728 4
151 74 -8
151 578 11
152 137 4
152 125 20
152 356 37
152 711 18
153 393 10
153 131 47
153 555 44
153 444 13
154 656 -10
154 82 6
154 184 7
154 410 17
155 266 33
155 654 34
155 373 -6
155 263 47
156 514 6
156 476 -10
156 73 30
156 29 22
157 240 -8
157 54 45
157 528 45
157 256 26
158 441 30
158 374 50
158 413 12
158 415 29
159 502 9
159 87 27
159 189 16
159 317 12
160 377 50
160 407 6
160 628 12
160 298 -4
161 74 27
161 682 26
161 658 12
161 618 21
162 11 15
162 307 -1
162 679 14
162 423 17
163 171 37
163 105 6
163 269 -5
164 624 33
164 604 33
164 683 17
164 632 18
165 92 -7
165 436 32
165 627 32
166 595 40
166 554 1
166 111 0
166 672 -10
167 288 18
167 65 21
167 45 19
167 364 34
168 703 -4
168 0 44
168 195 3
168 193 48
169 522 35
169 502 25
169 281 25
169 465 24
170 334 35
170 568 -5
170 651 4
170 294 40
171 574 41
171 496 8
171 271 42
171 556 3
172 548 -8
172 177 47
172 455 50
173 81 25
173 402 7
173 142 36
173 710 12
174 414 49
174 157 34
174 726 0
174 505 28
175 642 -10
175 312 24
175 189 1
175 487 45
176 313 13
176 468 37
176 47 11
176 89 38
177 347 14
177 244 27
177 580 6
177 422 28
178 107 9
178 625 4
178 607 21
178 522 43
179 665 40
179 590 -6
179 287 4
179 56 49
180 467 36
180 457 19
180 347 46
180 201 42
181 152 35
181 383 32
181 55 19
181 333 45
182 546 48
182 95 27
182 409 -7
183 65 19
183 131 19
183 269 12
183 219 19
184 718 16
184 178 40
184 225 2
184 320 10
185 140 28
185 122 -6
185 637 25
185 323 26
186 169 30
186 57 -3
187 22 12
187 119 17
187 334 17
187 64 -6
188 335 8
188 126 1
188 458 41
188 406 12
189 373 37
189 419 -5
189 195 22
189 361 12
190 113 7
190 598 10
190 465 3
190 416 9
191 399 26
191 55 17
191 239 16
191 10 48
192 176 34
192 131 39
192 243 10
193 240 3
193 565 22
193 32 30
193 695 11
194 695 5
194 236 37
194 219 20
194 419 22
195 714 7
195 39 35
195 122 -2
195 654 34
196 107 38
196 55 -8
196 347 8
196 685 18
197 599 -9
197 709 23
197 257 28
197 53 16
198 272 38
198 710 18
198 623 -3
198 613 35
199 706 2
199 674 37
199 546 -10
199 264 21
200 515 -2
200 269 21
200 541 12
201 30 20
201 193 46
201 691 29
201 420 13
202 605 -7
202 235 30
202 714 32
202 15 48
203 107 36
203 208 22
203 112 37
203 221 6
204 47 28
204 85 22
204 128 28
204 592 -2
205 182 -5
205 255 9
205 110 34
205 375 29
206 104 13
206 650 13
206 613 -1
206 223 0
207 307 44
207 411 16
207 79 35
207 345 0
208 614 38
208 707 -7
208 407 40
208 23 20
209 629 15
209 624 -8
209 344 46
209 91 25
210 248 20
210 340 32
210 177 -1
210 496 11
211 577 18
211 601 37
211 86 -9
211 718 41
212 164 37
212 605 18
212 60 -4
212 455 50
213 11 38
213 184 22
213 455 21
213 55 27
214 326 22
214 680 25
214 178 14
214 17 -8
215 37 35
215 719 26
215 150 29
215 68 28
216 274 5
216 672 -10
216 506 11
216 349 37
217 254 -2
217 260 46
217 598 37
217 34 39
218 663 26
218 160 34
218 25 16
218 140 28
219 723 40
219 399 45
219 598 -1
219 676 13
220 248 -5
220 581 47
220 56 26
220 257 -7
221 309 6
221 693 -4
221 563 36
222 308 -7
222 319 19
222 609 -7
222 469 10
223 184 43
223 667 7
223 619 0
223 504 36
224 649 25
224 303 5
224 650 21
224 72 -5
225 632 -6
225 331 41
226 232 20
226 522 6
226 308 19
227 184 43
227 14 14
227 719 44
227 340 39
228 583 4
228 41 10
228 704 43
228 186 14
229 310 21
229 444 11
229 550 5
229 158 20
230 385 47
230 258 10
230 605 33
230 125 21
231 517 4
231 147 30
231 404 17
231 299 3
232 291 38
232 207 24
232 17 15
232 274 18
233 582 33
233 517 34
233 46 0
233 133 12
234 511 43
234 481 -7
234 287 47
235 85 -2
235 391 26
235 636 -3
235 624 15
236 473 -9
236 379 46
236 497 24
236 486 45
237 585 44
237 197 4
237 510 -6
237 657 -1
238 596 41
238 24 8
238 329 27
238 593 46
239 67 48
239 610 23
239 141 22
239 533 -6
240 627 23
240 299 21
240 173 -9
240 316 10
241 662 17
241 55 6
241 362 28
241 169 46
242 389 31
242 0 31
242 664 7
242 572 45
243 200 3
243 573 21
243 308 31
243 726 16
244 590 21
244 380 -2
244 558 17
244 429 -8
245 373 25
245 599 41
245 302 13
245 627 7
246 304 7
246 505 -2
246 439 27
246 65 31
247 727 18
247 518 6
247 307 38
247 207 48
248 183 41
248 630 -8
248 276 -1
248 287 8
249 448 27
249 294 35
249 260 35
249 83 33
250 365 31
250 203 28
250 285 26
250 492 27
251 276 39
251 464 11
251 616 28
251 180 5
252 423 12
252 674 12
252 652 8
252 193 37
253 279 39
253 491 48
253 348 48
253 254 30
254 5 -10
254 328 7
254 60 2
255 682 49
255 111 45
255 91 20
255 149 21
256 543 0
256 44 37
256 149 37
257 538 33
257 711 5
257 161 15
257 14 44
258 408 -4
258 196 -3
258 443 6
258 290 22
259 571 38
259 53 32
259 506 47
259 160 6
260 141 -1
260 277 39
260 377 0
260 609 18
261 313 -6
261 475 29
261 409 3
262 438 -3
262 215 42
262 313 42
262 273 43
263 341 50
263 122 10
263 278 -6
263 649 33
264 407 7
264 443 -3
264 546 13
264 131 11
265 576 7
265 170 -10
265 192 23
265 673 47
266 642 50
266 671 23
266 363 14
266 568 14
267 502 4
267 41 36
267 95 -6
267 297 26
268 275 42
268 721 39
268 132 27
268 237 5
269 10 -3
269 233 45
269 403 31
269 292 47
270 46 29
270 231 8
270 13 38
270 423 -5
271 64 38
271 611 1
271 646 3
271 471 9
272 171 41
272 298 -5
272 156 26
272 279 8
273 80 -1
273 264 10
273 17 -1
273 511 16
274 506 -4
274 387 39
274 276 4
274 549 48
275 253 -9
275 525 5
275 92 19
275 503 -7
276 497 -7
276 292 34
276 89 32
276 672 33
277 586 48
277 403 34
277 358 43
277 343 7
278 407 42
278 684 9
278 348 29
278 27 -10
279 547 43
279 40 34
279 77 9
279 91 8
280 306 13
280 154 28
280 561 11
280 667 41
281 268 22
281 79 5
281 321 32
282 298 50
282 492 48
282 654 13
282 460 -9
283 298 5
283 441 50
283 609 -7
283 381 39
284 454 49
284 389 23
284 477 44
284 557 8
285 482 43
285 99 -2
285 74 45
285 301 2
286 391 45
286 323 35
286 117 36
286 7 -4
287 678 22
287 463 8
287 547 10
287 665 -4
288 566 -3
288 344 -9
288 188 40
288 287 19
289 314 -9
289 701 10
289 72 34
289 432 16
290 80 17
290 517 9
290 455 6
290 59 43
291 357 8
291 705 13
291 439 44
291 197 -8
292 480 17
292 387 -8
292 542 25
292 158 14
293 479 1
293 539 0
293 663 9
293 93 15
294 114 9
294 564 26
294 44 30
294 217 17
295 355 36
295 570 -4
295 171 -1
295 395 46
296 308 2
296 581 2
296 12 47
296 332 49
297 109 49
297 519 -7
297 192 29
297 623 48
298 266 42
298 37 11
298 223 22
298 532 6
299 40 32
299 271 8
299 714 8
299 203 -1
300 100 15
300 684 34
300 201 34
300 214 40
301 538 6
301 428 -4
301 499 14
301 88 31
302 19 47
302 163 40
302 274 6
302 628 4
303 463 38
303 132 4
303 59 -7
303 441 44
304 12 37
304 537 25
304 398 22
304 441 29
305 266 34
305 322 16
305 2 24
305 225 42
306 344 19
306 499 32
306 158 -10
306 462 45
307 137 22
307 406 -3
307 165 26
307 6 -3
308 220 38
308 526 23
308 578 10
308 656 11
309 422 -9
309 407 34
309 522 28
309 631 3
310 501 25
310 645 34
310 651 1
310 168 -10
311 577 29
311 508 16
311 161 4
311 260 1
312 577 45
312 723 29
312 677 20
312 357 16
313 195 4
313 694 21
313 455 40
314 397 7
314 318 17
314 444 -2
314 572 34
315 171 12
315 702 31
315 251 47
315 215 19
316 21 -6
316 90 36
316 673 39
316 314 33
317 74 2
317 176 17
317 368 17
317 395 38
318 416 21
318 100 0
318 340 -10
318 359 29
319 576 26
319 411 -1
320 175 33
320 663 17
320 530 18
320 255 37
321 553 21
321 393 35
321 406 12
321 445 11
322 672 44
322 270 12
322 7 18
322 83 11
323 689 7
323 335 11
323 82 28
323 482 -3
324 13 48
324 701 -4
324 14 44
324 332 42
325 634 7
325 649 24
325 506 29
325 238 16
326 605 49
326 575 14
326 232 19
326 323 -3
327 574 6
327 46 19
327 159 19
327 437 36
328 450 -4
328 526 22
328 592 27
328 644 32
329 613 10
329 176 22
329 6 35
329 454 16
330 134 22
330 135 31
330 611 -7
330 362 34
331 474 21
331 422 47
331 45 -1
331 665 17
332 401 49
332 13 46
332 553 10
333 264 28
333 365 50
333 225 49
333 552 34
334 175 24
334 202 26
334 408 21
334 439 -7
335 442 45
335 15 29
335 384 35
335 12 4
336 649 9
336 609 32
336 186 43
337 179 20
337 121 3
337 500 4
337 23 22
338 468 21
338 465 31
338 580 34
338 144 -5
339 396 45
339 467 -8
339 280 -5
339 469 45
340 218 40
340 683 36
340 259 31
340 406 32
341 279 29
341 622 29
341 686 17
341 229 30
342 522 14
342 214 16
342 374 28
342 204 6
343 78 4
343 677 50
343 14 48
343 469 32
344 589 13
344 33 2
344 73 38
344 507 32
345 148 -10
345 137 23
345 152 20
345 110 5
346 446 11
347 167 15
347 259 31
347 646 39
347 620 -2
348 39 3
348 652 11
348 623 18
348 498 35
349 202 39
349 235 -9
349 406 46
349 712 48
350 111 -1
350 574 2
350 556 40
350 60 21
351 724 46
351 422 12
351 23 0
351 454 15
352 233 20
352 228 23
352 40 43
352 206 46
353 200 -10
353 23 31
353 469 -6
353 108 38
354 143 28
354 258 1
354 307 14
354 390 35
355 311 29
355 413 24
355 161 28
355 345 13
356 22 25
356 79 15
356 572 12
356 247 44
357 15 49
357 601 37
357 17 2
357 456 46
358 20 42
358 219 23
358 316 50
358 620 6
359 687 36
359 587 30
359 212 4
359 706 49
360 93 27
360 357 50
360 517 15
360 591 29
361 412 6
361 127 -1
361 661 40
361 517 18
362 90 14
362 603 2
362 215 41
363 551 45
363 674 47
363 706 27
363 378 15
364 163 27
364 241 14
364 402 1
364 668 17
365 220 19
365 583 10
365 705 15
365 2 49
366 225 7
366 47 -1
367 294 47
367 119 16
367 525 18
367 713 22
368 159 7
368 513 25
368 157 49
368 472 43
369 121 0
369 296 38
369 197 3
369 213 42
370 244 27
370 697 23
370 661 19
370 192 -9
371 570 -3
371 306 23
371 42 34
371 726 45
372 281 14
372 339 48
372 354 15
372 386 25
373 521 17
373 723 24
373 25 -8
373 261 17
374 534 2
374 62 -1
374 434 -4
374 40 8
375 716 26
375 469 12
375 702 8
375 208 17
376 615 27
376 640 15
376 366 -10
376 85 -8
377 441 40
377 30 20
377 514 41
377 11 6
378 117 0
378 105 4
378 474 48
378 536 29
379 442 37
379 284 8
379 455 36
379 464 -4
380 304 43
380 710 33
380 132 26
380 8 37
381 669 16
381 439 -7
381 365 23
381 225 32
382 124 33
382 579 30
382 440 27
382 181 10
383 301 8
383 309 17
383 421 42
383 348 45
384 124 -10
384 514 15
384 716 37
384 540 48
385 30 42
385 51 34
385 322 7
385 703 32
386 534 27
386 319 36
386 675 28
386 561 36
387 104 40
387 331 26
387 569 35
387 596 13
388 403 41
388 480 12
388 160 -5
388 186 24
389 569 -6
390 359 33
390 725 23
390 601 43
390 302 9
391 360 16
391 634 32
391 188 10
391 389 19
392 504 -1
392 25 40
392 728 20
393 154 29
393 222 39
393 377 -6
393 9 7
394 398 26
394 542 38
394 296 -5
394 32 16
395 111 16
395 76 7
395 122 -3
395 584 29
396 689 -9
396 598 24
396 438 29
396 595 13
397 109 32
397 664 17
397 695 50
397 206 41
398 650 28
398 675 30
398 426 28
398 67 -10
399 688 44
399 70 3
399 254 50
399 7 20
400 294 48
400 182 7
400 543 49
400 505 24
401 21 -8
401 27 8
401 434 23
401 245 4
402 699 25
402 487 15
402 392 48
402 717 -9
403 3 42
403 584 50
403 130 18
404 50 -2
404 457 7
404 322 37
404 708 42
405 468 41
405 99 3
405 582 29
406 632 8
406 443 7
406 356 4
406 92 48
407 116 12
407 191 -10
407 637 18
407 615 5
408 136 40
408 344 6
408 367 43
408 638 9
409 418 25
409 392 4
409 169 -1
409 459 36
410 358 41
410 444 32
410 233 35
410 702 -5
411 723 -5
411 699 0
411 372 11
412 175 39
412 42 33
412 704 13
412 433 0
413 364 48
413 593 16
413 598 6
413 545 14
414 512 8
414 331 24
414 664 26
414 633 23
415 523 37
415 309 -8
415 169 17
415 492 14
416 89 -2
416 606 45
416 119 41
416 458 1
417 327 20
417 196 37
417 260 2
417 567 3
418 57 18
418 125 18
418 134 5
418 274 10
419 191 27
419 443 45
419 654 24
419 146 18
420 662 -4
420 438 16
420 624 -4
420 457 -1
421 90 12
421 507 17
421 418 12
421 187 11
422 397 36
422 240 24
422 109 4
422 543 30
423 640 10
423 170 36
423 125 40
423 594 30
424 650 23
424 590 3
424 215 24
424 549 11
425 282 25
425 501 -3
425 693 -3
425 228 49
426 669 37
426 196 23
426 722 13
426 222 -10
427 598 10
427 603 -7
427 495 -9
427 89 -8
428 102 2
428 8 44
428 342 24
428 271 18
429 348 -1
429 570 -8
429 172 -3
430 63 47
430 686 7
430 521 3
430 223 -7
431 240 -3
431 19 -4
431 603 -8
431 18 41
432 101 -7
432 183 36
432 610 3
432 471 22
433 42 -2
433 726 36
433 163 36
433 599 45
434 558 4
434 100 36
434 559 30
434 524 26
435 586 16
435 145 14
435 523 19
435 552 50
436 173 -7
436 560 20
436 525 11
436 625 44
437 169 46
437 561 8
437 359 48
437 21 -6
438 119 43
438 257 -9
438 161 30
439 628 6
439 262 14
439 392 6
439 274 7
440 679 4
440 428 1
440 512 -2
440 498 34
441 216 7
441 253 35
441 645 15
441 120 -4
442 644 38
442 498 47
442 41 -6
442 688 -4
443 71 30
443 6 23
443 646 3
443 132 43
444 80 25
444 702 3
444 32 31
444 113 20
445 714 -6
445 411 31
445 272 32
445 103 10
446 389 -5
447 384 25
447 36 34
447 55 28
447 129 9
448 147 26
448 95 36
448 530 8
448 693 -4
449 433 24
449 8 10
449 227 49
449 607 46
450 587 28
450 621 7
450 349 40
450 340 -1
451 381 33
451 240 32
451 717 -5
451 159 -7
452 303 38
452 660 24
452 198 45
452 643 10
453 398 37
453 12 20
453 45 -7
453 191 42
454 108 17
454 120 -4
454 452 1
454 55 37
455 341 -2
455 595 4
455 312 10
455 170 23
456 633 9
456 365 21
456 399 46
456 700 39
457 718 7
457 691 6
457 29 16
457 498 1
458 440 38
458 518 34
458 216 17
458 246 17
459 408 4
459 48 20
459 368 25
459 338 -4
460 49 4
460 139 1
460 358 24
460 176 13
461 507 24
461 402 42
461 452 42
461 16 13
462 342 6
462 221 42
462 612 50
462 449 40
463 414 22
463 208 -8
463 444 33
463 256 31
464 633 34
464 287 23
464 226 -8
464 455 13
465 44 27
465 498 21
465 310 24
465 313 25
466 126 -10
466 353 -1
466 227 13
466 491 21
467 101 -4
467 280 42
467 480 4
467 345 38
468 643 1
468 709 4
468 17 23
468 314 30
469 602 30
469 312 12
469 686 21
469 383 44
470 727 2
470 195 39
470 85 46
470 676 38
471 248 1
471 200 22
471 712 46
471 500 32
472 717 44
472 168 19
472 559 -1
472 476 -1
473 143 -9
473 388 49
473 254 31
474 465 49
474 514 3
474 275 15
474 292 22
475 426 -10
475 323 9
475 655 -7
475 263 5
476 228 35
476 717 28
476 688 20
476 615 -4
477 92 8
477 580 50
477 116 11
477 467 -5
478 39 -5
478 413 36
478 545 43
478 308 9
479 612 3
479 189 34
479 229 42
479 138 7
480 464 -10
480 722 10
480 431 42
481 104 21
481 152 5
481 91 39
481 708 44
482 19 47
482 437 35
482 277 19
482 253 -10
483 29 44
483 364 5
483 118 30
483 156 44
484 318 4
484 212 45
484 279 10
484 684 35
485 344 21
485 105 15
485 275 40
485 554 44
486 226 18
486 54 48
486 256 6
486 599 2
487 100 3
487 214 0
487 129 16
487 636 9
488 134 30
488 204 2
488 566 -7
488 419 49
489 649 29
489 27 25
489 1 36
489 357 24
490 119 -10
490 469 39
490 556 42
490 139 37
491 631 46
491 566 47
491 654 -6
491 357 -3
492 659 -1
492 118 34
492 112 -10
492 608 26
493 398 14
493 32 9
493 452 38
493 387 -2
494 678 34
494 386 24
494 226 31
494 593 -1
495 702 12
495 242 45
495 621 11
495 9 32
496 371 30
496 10 39
496 479 50
496 302 -2
497 246 29
497 174 27
497 407 1
497 306 49
498 465 18
498 87 12
499 708 45
499 635 23
499 301 -10
499 560 26
500 352 16
500 363 16
500 578 28
500 257 4
501 338 28
501 188 -1
501 385 20
501 176 39
502 120 18
502 250 9
502 398 -7
502 69 34
503 259 12
503 369 33
503 672 18
503 213 -4
504 381 25
504 358 -1
505 85 16
505 638 -5
505 133 34
505 17 35
506 81 34
506 662 12
506 588 48
506 496 37
507 233 39
507 655 36
507 139 -7
507 395 -5
508 490 1
508 306 0
508 617 2
508 64 28
509 717 17
509 663 44
509 490 -10
509 511 11
510 117 3
510 539 39
510 313 5
510 260 32
511 423 12
511 27 45
511 301 45
511 63 37
512 129 -6
512 574 -5
512 108 20
512 199 0
513 258 30
513 5 49
513 385 17
513 681 46
514 487 -4
514 45 49
514 384 -2
514 627 38
515 488 33
515 159 25
515 25 -9
516 461 2
516 649 27
516 583 21
516 375 3
517 720 32
517 68 42
517 236 42
517 550 -7
518 446 47
518 702 6
518 216 28
518 33 20
519 154 23
519 707 25
519 305 39
519 538 32
520 675 28
520 724 28
520 362 14
520 625 11
521 636 7
521 244 15
521 600 46
521 347 25
522 326 38
522 707 40
522 403 -7
523 399 12
523 350 45
523 529 -6
523 569 27
524 599 -10
524 193 37
524 539 32
524 100 8
525 202 43
525 250 28
525 226 49
525 40 24
526 24 -1
527 514 17
527 123 -4
527 38 28
527 647 -1
528 451 30
528 677 28
528 395 4
528 141 4
529 21 19
529 552 3
530 379 32
530 491 9
530 78 34
530 266 25
531 379 36
531 114 23
531 632 8
531 372 50
532 241 10
532 403 12
532 391 47
532 573 -7
533 208 34
533 56 11
533 421 21
533 508 39
534 54 4
534 628 20
534 306 38
535 256 -7
535 90 44
535 491 36
535 321 21
536 129 26
536 118 20
536 467 15
536 252 5
537 457 7
537 178 12
537 322 10
537 259 30
538 269 2
538 524 24
538 423 26
538 481 18
539 458 35
539 620 37
539 394 23
539 439 -7
540 479 36
540 446 39
540 484 -10
540 110 11
541 409 36
541 628 15
541 14 14
541 607 38
542 457 50
542 128 40
542 406 -1
542 176 6
543 146 26
543 253 9
543 159 11
543 480 0
544 517 4
544 429 11
544 344 18
544 141 39
545 234 40
545 289 3
545 618 3
545 388 41
546 306 23
546 85 19
546 279 39
546 357 45
547 221 47
547 169 -10
547 133 23
547 686 26
548 172 33
548 654 -7
548 390 45
549 594 -5
549 421 26
549 505 50
549 272 -1
550 66 24
550 39 13
550 727 30
550 343 2
551 652 9
551 475 23
551 674 -10
551 535 -6
552 58 31
552 678 41
552 192 -1
552 448 40
553 186 4
553 172 4
554 397 0
554 502 10
554 191 47
554 200 33
555 401 2
555 351 1
555 442 -4
555 184 1
556 525 46
556 229 -4
556 528 30
556 387 43
557 593 42
557 360 25
557 663 36
557 709 -4
558 346 -9
559 546 3
559 687 47
559 567 10
559 37 49
560 534 -2
560 300 44
560 217 27
560 644 5
561 350 8
561 63 13
561 650 8
561 196 38
562 412 8
562 423 28
562 427 40
562 18 11
563 571 26
563 457 44
563 101 6
563 217 -9
564 407 28
564 517 27
564 666 48
564 476 3
565 152 30
565 597 7
565 357 36
565 78 21
566 610 1
566 418 13
566 60 15
566 187 29
567 245 -10
567 523 -9
567 537 50
567 333 50
568 8 -6
568 258 23
568 262 9
568 589 39
569 675 5
570 468 -7
570 340 39
570 605 12
570 561 26
571 208 5
571 490 42
571 120 46
571 248 43
572 315 33
572 723 -2
572 670 34
572 468 38
573 375 49
573 321 6
573 246 -4
573 651 2
574 385 19
574 629 21
574 428 17
574 368 21
575 282 32
575 719 3
575 492 8
575 399 13
576 355 31
576 326 36
576 592 7
576 667 47
577 660 18
577 100 31
577 94 8
577 423 -2
578 222 3
578 21 39
578 161 11
578 382 -3
579 374 15
579 87 22
579 331 29
579 710 26
580 37 26
580 372 48
580 191 -8
580 172 38
581 712 2
581 322 23
581 286 15
581 356 32
582 664 4
582 300 19
582 22 -8
582 376 15
583 707 8
583 263 1
583 572 49
583 135 8
584 571 43
584 634 6
584 324 -8
584 595 -9
585 443 16
585 386 4
585 323 16
585 121 21
586 478 22
586 93 10
586 476 29
586 296 42
587 10 33
587 230 43
587 261 21
587 319 27
588 630 10
588 252 26
588 464 -7
589 283 20
589 182 47
589 330 44
589 483 41
590 467 15
590 109 6
590 707 24
590 496 37
591 250 26
591 187 1
591 559 34
591 703 25
592 566 11
592 588 -7
592 337 3
593 242 22
593 290 -9
593 152 44
593 640 -3
594 699 29
594 100 7
594 110 26
594 478 12
595 43 25
595 52 4
595 625 35
595 664 3
596 236 29
596 129 30
596 277 24
596 172 10
597 474 15
597 294 45
597 38 26
597 718 49
598 419 1
598 10 12
598 407 1
598 705 -7
599 589 37
599 44 32
599 715 29
599 631 7
600 409 43
600 707 45
600 340 10
600 355 28
601 18 7
601 392 32
601 628 18
601 205 40
602 353 39
602 405 -2
602 139 50
602 608 13
603 245 36
603 39 9
603 482 27
603 345 6
604 286 45
604 484 8
604 564 19
604 110 44
605 235 -1
605 341 -2
605 703 -10
605 696 27
606 352 23
606 567 -9
606 687 22
606 565 22
607 619 19
607 515 -5
607 211 24
607 249 23
608 166 30
608 679 -4
608 145 27
608 342 20
609 99 29
609 464 34
609 505 -7
609 684 13
610 615 1
610 168 13
610 34 41
610 490 -5
611 326 3
611 591 34
611 22 0
611 366 5
612 49 40
612 577 46
612 445 -10
612 442 39
613 236 -8
613 722 31
613 339 44
613 257 24
614 459 24
614 405 37
614 197 50
614 121 11
615 500 -5
615 724 4
615 229 14
615 721 29
616 221 14
616 220 29
616 478 24
616 717 33
617 6 24
617 479 33
617 595 45
617 220 33
618 32 24
618 360 40
618 660 16
618 133 48
619 189 11
619 674 28
619 558 0
619 539 -3
620 293 50
620 679 -7
620 524 17
620 231 37
621 587 13
621 84 9
621 457 30
621 561 14
622 330 43
622 14 1
622 325 11
622 259 2
623 439 28
623 52 30
623 609 -6
623 177 50
624 558 34
624 536 1
624 664 20
624 167 4
625 435 15
625 724 37
625 184 1
626 228 49
626 235 6
626 609 8
626 720 50
627 642 21
627 52 38
627 709 39
627 51 20
628 374 37
628 337 23
628 491 18
628 188 41
629 490 17
629 270 3
629 284 11
629 59 26
630 550 28
630 21 26
630 591 17
630 614 3
631 625 -8
631 576 12
631 186 43
631 198 49
632 242 22
632 685 37
632 165 3
633 382 4
633 302 27
633 571 30
633 47 47
634 727 19
634 47 17
634 673 24
634 248 35
635 385 47
635 364 -7
635 327 4
635 178 26
636 728 43
636 348 -3
636 714 8
636 245 1
637 408 30
637 712 -7
637 582 9
637 406 21
638 5 37
638 578 27
638 641 4
638 452 43
639 647 30
639 664 31
639 329 36
639 299 18
640 557 -3
640 208 27
640 38 14
640 398 8
641 122 22
641 463 39
641 622 21
641 714 14
642 23 -5
642 369 2
642 406 26
642 134 43
643 228 45
643 255 -2
643 701 0
643 93 -6
644 18 18
644 422 26
644 369 50
644 383 8
645 374 29
645 612 0
645 243 3
645 166 14
646 12 41
646 117 14
646 528 24
646 721 43
647 605 38
647 433 31
647 361 0
647 237 34
648 9 45
648 314 25
648 400 43
648 155 4
649 523 -5
649 499 15
649 51 20
649 396 46
650 502 44
650 276 43
650 557 35
650 608 32
651 209 47
651 148 5
651 29 10
651 666 -5
652 329 36
652 659 0
653 627 25
653 210 0
653 538 -1
653 59 5
654 558 41
654 526 -6
654 491 32
655 575 34
655 393 4
655 170 26
655 508 18
656 349 28
656 499 28
656 30 40
656 629 22
657 547 47
657 225 -8
657 156 1
657 24 26
658 567 28
658 683 35
658 278 43
658 454 15
659 579 -3
659 244 28
659 270 0
660 82 4
660 16 8
660 268 23
660 351 42
661 498 6
661 691 23
661 606 17
661 421 26
662 574 33
662 347 4
662 603 43
662 633 31
663 397 -10
663 556 11
663 147 25
663 417 32
664 303 13
664 625 -2
664 116 36
664 187 10
665 13 10
665 68 20
665 625 44
665 236 39
666 29 1
666 386 -8
666 336 23
666 192 16
667 664 24
667 48 7
667 509 45
667 593 32
668 394 46
668 227 24
668 522 37
668 41 29
669 500 32
669 91 37
669 677 -8
669 118 41
670 525 2
670 455 27
670 666 29
670 52 15
671 498 31
671 476 20
671 25 43
671 214 -9
672 175 40
672 435 7
672 527 18
672 241 43
673 613 23
673 229 -2
673 603 29
673 183 21
674 607 4
674 666 2
674 511 30
674 274 5
675 398 27
675 292 35
675 370 44
675 186 3
676 331 31
676 177 -3
676 456 31
676 486 8
677 57 25
677 465 41
677 522 29
677 667 12
678 546 41
678 610 39
678 350 44
678 557 38
679 262 9
679 647 32
680 374 27
680 486 -5
680 462 34
680 388 39
681 411 3
681 175 15
681 50 21
681 279 45
682 165 -6
682 561 7
682 154 48
682 80 11
683 385 41
683 234 16
683 215 13
683 465 19
684 725 11
684 693 42
684 688 38
684 392 -2
685 229 33
685 626 43
685 632 -5
685 705 39
686 62 28
686 503 47
686 158 17
686 270 -4
687 524 24
687 70 12
687 409 14
687 262 -10
688 712 33
688 693 21
688 518 -1
688 404 -6
689 203 26
689 724 2
689 339 32
689 138 27
690 417 44
690 104 0
690 628 -10
690 193 32
691 268 10
691 299 -8
691 718 27
691 608 46
692 275 29
692 331 29
692 443 -7
692 479 37
693 123 12
693 448 24
693 62 1
693 120 -2
694 314 34
694 599 0
694 171 12
694 325 34
695 359 30
695 18 43
695 433 45
695 635 8
696 69 40
696 722 5
696 563 28
696 18 19
697 184 50
697 28 -1
697 356 -8
697 107 -7
698 489 40
698 541 22
698 444 -10
698 97 34
699 643 11
699 328 -4
699 593 14
699 147 49
700 637 33
700 259 34
700 14 14
700 186 -3
701 356 39
701 556 8
701 173 15
701 321 10
702 379 18
702 433 38
702 574 -10
702 432 12
703 476 15
703 52 33
703 234 1
703 697 49
704 272 36
704 600 -9
704 53 10
704 477 19
705 668 10
705 309 31
705 170 44
705 288 14
706 685 -4
706 437 6
706 77 21
706 134 11
707 61 29
707 14 4
707 672 11
707 500 8
708 597 39
708 555 19
708 489 2
708 353 45
709 526 -6
709 238 6
709 572 20
709 703 12
710 214 24
710 40 14
710 548 11
710 377 11
711 301 9
711 622 19
711 712 -2
712 81 1
712 194 29
713 82 34
713 698 49
713 9 11
713 343 13
714 427 24
714 724 48
714 35 48
714 22 15
715 401 -2
715 204 26
715 417 19
715 132 4
716 112 -6
716 115 16
716 395 -4
716 213 5
717 697 27
717 249 4
717 149 18
717 502 24
718 581 2
718 178 18
718 53 19
718 455 46
719 335 -1
719 264 16
719 588 -2
719 601 4
720 469 33
720 21 44
720 26 22
720 616 50
721 244 13
721 208 21
721 256 8
721 713 -3
722 229 38
722 257 47
722 564 -7
722 415 12
723 138 39
723 422 1
723 344 -5
723 287 44
724 532 28
724 203 39
724 722 39
724 194 42
725 694 -5
725 642 32
725 53 13
725 540 -2
726 646 0
726 186 21
726 720 28
726 443 34
727 196 9
727 31 8
727 592 27
727 15 -9
728 233 48
728 436 28
728 74 7
728 340 4
