0
16
20
30
37
40
42
42
47
47
61
63
72
73
77
84
90
109
122
126
133
141
141
142
166
177
194
213
228
245
256
277
295
306
306
327
333
336
339
340
340
342
343
355
357
358
359
368
376
378
379
381
389
393
399
401
410
413
413
414
419
419
431
431
431
450
451
454
468
494
503
503
513
514
516
516
522
539
541
558
573
578
582
587
605
611
611
621
644
646
650
670
685
687
698
733
739
748
763
774
777
793
795
798
799
809
812
815
831
836
856
864
866
866
908
911
919
924
925
934
953
962
971
973
974
985
1017
1057
1066
1096
1107
1112
1123
1127
1127
1134
1142
1158
1159
1159
1174
1176
1185
1197
1197
1202
1204
1207
1215
1216
1226
1229
1251
1259
1268
1279
1293
1304
1304
1307
1329
1335
1338
1342
1344
1345
1345
1351
1368
1389
1395
1403
1408
1411
1412
1422
1424
1426
1431
1439
1444
1446
1465
1488
1505
1509
1528
1530
1540
1540
1558
1578
1604
1605
1627
1635
1643
1646
1653
1657
1692
1693
1701
1703
1712
1724
1733
1737
1743
1751
1751
1758
1759
1763
1779
1788
1795
1804
1821
1830
1831
1837
1840
1844
1853
1856
1862
1879
1881
1882
1893
1899
1910
1923
1932
1933
1938
1940
1940
1948
1953
1954
1956
1961
1962
1966
1976
1977
1988
2000
2017
2020
2026
2028
2040
2047
2056
2058
2066
2068
2090
2091
2097
2108
2109
2109
2118
2121
2126
2130
2137
2144
2145
2150
2154
2172
2188
2219
2233
2234
2236
2238
2251
2254
2255
2261
2265
2273
2283
2292
2293
2304
2308
2313
2318
2323
2344
2345
2353
2355
2360
2367
2367
2394
2397
2409
2411
2425
2449
2464
2467
2487
2505
2520
2528
2541
2545
2546
2547
2558
2561
2576
2583
2599
2599
2611
2611
2613
2619
2621
2636
2641
2655
2662
2664
2668
2668
2672
2680
2698
2699
2713
2722
2725
2729
2730
2731
2733
2735
2750
2770
2804
2806
2812
2821
2825
2840
2854
2864
2877
2879
2879
2881
2882
2892
2903
2934
2947
2950
2950
2952
2962
2968
2968
2971
2979
2981
2986
2990
3010
3055
3070
3077
3080
3088
3092
3103
3109
3111
3121
3147
3150
3167
3167
3187
3188
3200
3203
3208
3236
3240
3246
3249
3266
3271
3279
3281
3287
3308
3313
3317
3334
3344
3369
3375
3388
3389
3389
3392
3406
3415
3426
3429
3431
3457
3462
3463
3476
3477
3485
3487
3488
3519
3523
3524
3543
3550
3551
3552
3556
3557
3570
3591
3594
3599
3600
3605
3612
3616
3621
3626
3655
3657
3661
3664
3675
3676
3687
3692
3714
3717
3723
3724
3742
3753
3755
3775
3775
3776
3788
3799
3803
3820
3837
3838
3840
3842
3847
3857
3875
3885
3887
3893
3893
3898
3906
3924
3943
3951
3956
3956
3959
3962
3967
3986
3993
4001
4017
4023
4028
4042
4053
4056
4087
4094
4096
4096
4096
4111
4120
4126
4134
4136
4145
4148
4154
4168
4176
4179
4191
4204
4208
4215
4216
4218
4237
4238
4240
4244
4261
4262
4267
4281
4281
4284
4288
4293
4297
4301
4302
4316
4325
4350
4354
4371
4376
4392
4402
4415
4434
4458
4460
4474
4482
4499
4503
4504
4509
4517
4521
4528
4538
4539
4539
4542
4544
4545
4569
4570
4572
4587
4593
4601
4610
4617
4626
4631
4636
4639
4642
4645
4646
4651
4656
4668
4682
4696
4702
4703
4710
4727
4729
4738
4738
4744
4746
4758
4759
4764
4798
4803
4816
4817
4829
4831
4834
4837
4841
4852
4856
4858
4896
4901
4919
4923
4925
4939
4942
4950
4951
4955
4968
4970
4980
4999
5003
5014
5016
5027
5049
5052
5053
5057
5069
5073
5075
5092
5094
5105
5125
5137
5143
5149
5149
5187
5188
5200
5205
5209
5219
5233
5236
5249
5252
5277
5284
5284
5289
5291
5310
5313
5318
5329
5330
5334
5337
5341
5354
5357
5360
5368
5375
5381
5385
5399
5403
5410
5427
5427
5437
5445
5454
5464
5475
5515
5545
5546
5553
5556
5567
5569
5570
5574
5580
5591
5596
5598
5599
5601
5603
5608
5642
5660
5692
5703
5708
5725
5728
5736
5738
5744
5746
5750
5752
5765
5776
5776
5786
5801
5811
5818
5820
5825
5826
5832
5834
5846
5863
5864
5866
5910
5915
5927
5940
5940
5954
5959
5961
5965
5966
5967
5969
5973
5975
5983
5985
5988
6014
6016
6020
6029
6033
6044
6045
6051
6066
6069
6076
6083
6096
6097
6098
6112
6116
6116
6117
6134
6137
6140
6149
6163
6170
6170
6175
6200
6201
6204
6224
6227
6227
6231
6232
6247
6268
6274
6280
6295
6302
6302
6318
6325
6349
6363
6363
6365
6367
6369
6370
6371
6376
6406
6408
6410
6424
6436
6447
6448
6449
6454
6455
6458
6459
6467
6474
6477
6481
6489
6492
6508
6517
6528
6529
6538
6562
6566
6571
6578
6600
6607
6613
6616
6620
6622
6628
6629
6630
6633
6651
6662
6668
6669
6669
6670
6675
6688
6704
6713
6728
6731
6733
6744
6750
6750
6765
6767
6789
6794
6795
6804
6809
6813
6815
6816
6836
6840
6841
6855
6858
6873
6884
6912
6912
6920
6922
6923
6937
6942
6950
6952
6953
6954
6956
6959
6976
6984
6986
6990
7007
7007
7015
7024
7028
7039
7060
7070
7086
7088
7101
7102
7104
7106
7108
7111
7120
7120
7120
7122
7127
7130
7137
7143
7164
7171
7181
7187
7192
7215
7216
7217
7218
7221
7226
7226
7227
7232
7233
7289
7303
7312
7319
7324
7327
7340
7349
7354
7356
7359
7384
7393
7414
7426
7437
7448
7460
7482
7498
7509
7513
7514
7528
7533
7541
7551
7562
7572
7572
7598
7602
7625
7631
7633
7641
7642
7648
7656
7685
7698
7702
7708
7712
7723
7725
7732
7740
7740
7752
7770
7788
7818
7834
7867
7874
7885
7887
7908
7909
7919
7924
7925
7927
7929
7939
7963
7964
7973
7975
7979
7996
8000
8003
8011
8012
8013
8017
8019
8019
8020
8032
8040
8041
8044
8054
8055
8061
8071
8073
8090
8091
8102
8106
8125
8126
8128
8133
8147
8153
8153
8166
8171
8192
8196
8199
8209
8211
8211
8221
8224
8242
8268
8270
8291
8303
8307
8308
8309
8309
8311
8337
8345
8384
8386
8405
8406
8414
8420
8423
8431
8436
8445
8447
8447
8452
8460
8467
8470
8471
8478
8479
8489
8494
8520
8522
8542
8548
8559
8560
8560
8577
8586
8604
8619
8625
8638
8640
8645
8657
8666
8674
8687
8689
8693
8693
8715
8716
8721
8727
8738
8741
8766
8767
8770
8779
8780
8785
8795
8798
8802
8804
8816
8817
8828
8838
8844
8844
8849
8885
8887
8908
8910
8911
8928
8929
8943
8954
8959
8968
8985
9012
9033
9038
9040
9056
9057
9059
9061
9063
9071
9073
9075
9075
9077
9097
9102
9111
9117
9118
9126
9127
9128
9131
9137
9148
9164
9175
9179
9193
9193
9196
9201
9214
9224
9237
9246
9249
9250
9251
9256
9258
9287
9298
9300
9309
9318
9331
9335
9347
9348
9352
9359
9367
9373
9379
9388
9411
9418
9422
9446
9461
9464
9483
9485
9486
9490
9491
9493
9498
9498
9501
9504
9507
9520
9527
9529
9551
9553
9559
9568
9577
9578
9590
9599
9624
9624
9625
9628
9629
9634
9644
9645
9657
9661
9670
9698
9718
9719
9724
9726
9749
9753
9758
9760
9760
9772
9791
9795
9800
9812
9816
9825
9829
9829
9843
9849
9851
9851
9852
9859
9867
9894
9897
9926
9934
9934
9937
9943
9964
9972
9973
9973
9979
10020
10038
10041
10042
10045
10054
10073
10087
10091
10092
10098
10105
10115
10129
10162
10172
10184
10194
10195
10218
10221
10222
10230
10232
10244
10250
10255
10256
10257
10266
10274
10279
10296
10297
10301
10303
10313
10314
10318
10322
10340
10341
10371
10372
10375
10390
10411
10411
10420
10425
10438
10438
10453
10477
10488
10502
10506
10516
10540
10546
10550
10555
10556
10564
10584
10587
10598
10614
10616
10622
10631
10632
10636
10642
10645
10646
10646
10648
10656
10662
10664
10668
10672
10684
10693
10698
10703
10704
10716
10716
10717
10722
10732
10738
10738
10740
10757
10762
10766
10773
10774
10781
10797
10836
10841
10843
10843
10847
10856
10869
10872
10873
10879
10883
10892
10901
10902
10906
10909
10909
10909
10925
10926
10935
10937
10937
10938
10942
10943
10946
10966
10976
10992
10999
11000
11030
11045
11050
11050
11051
11054
11060
11073
11076
11081
11091
11096
11097
11097
11108
11112
11116
11153
11159
11161
11164
11169
11180
11180
11185
11198
11204
11205
11215
11233
11236
11243
11253
11253
11259
11267
11273
11279
11282
11300
11304
11309
11317
11321
11341
11350
11352
11362
11372
11374
11374
11389
11390
11393
11398
11408
11409
11413
11428
11448
11451
11463
11481
11495
11496
11509
11519
11526
11530
11549
11558
11561
11562
11574
11574
11578
11582
11586
11589
11601
11611
11624
11629
11634
11656
11657
11666
11669
11716
11718
11720
11722
11742
11745
11745
11758
11758
11765
11770
11775
11781
11812
11817
11828
11834
11844
11847
11878
11893
11896
11899
11916
11921
11922
11936
11936
11937
11939
11952
11962
11971
11982
11999
12007
12014
12022
12024
12037
12042
12045
12047
12047
12048
12062
12069
12085
12086
12092
12093
12105
12118
12125
12135
12144
12170
12177
12186
12195
12197
12198
12200
12200
12201
12202
12204
12209
12212
12216
12222
12226
12240
12253
12261
12285
12290
12294
12296
12322
12324
12331
12340
12344
12347
12349
12362
12385
12385
12388
12397
12399
12401
12410
12427
12453
12455
12456
12462
12467
12470
12489
12504
12505
12521
12529
12530
12533
12547
12552
12553
12556
12566
12582
12583
12590
12590
12591
12591
12595
12613
12621
12622
12636
12637
12662
12663
12675
12678
12694
12701
12704
12707
12725
12725
12730
12752
12754
12791
12792
12793
12796
12830
12839
12848
12864
12869
12875
12883
12885
12904
12909
12910
12918
12920
12924
12924
12933
12937
12938
12943
12945
12957
12960
12976
12979
12994
12997
12998
12999
13007
13012
13013
13027
13033
13034
13037
13041
13043
13043
13059
13073
13086
13092
13092
13101
13104
13112
13117
13120
13126
13142
13155
13158
13160
13164
13172
13177
13182
13188
13200
13202
13208
13213
13224
13225
13241
13248
13262
13268
13270
13272
13273
13283
13298
13301
13306
13309
13323
13332
13345
13348
13361
13372
13384
13394
13404
13406
13415
13439
13439
13446
13470
13475
13476
13483
13487
13490
13492
13506
13517
13531
13543
13557
13565
13585
13595
13597
13598
13599
13603
13612
13634
13634
13636
13638
13641
13655
13658
13671
13689
13697
13713
13716
13757
13761
13763
13766
13774
13790
13790
13806
13815
13820
13821
13823
13824
13825
13850
13862
13866
13869
13871
13886
13889
13891
13897
13901
13916
13924
13930
13943
13959
13975
13986
13994
13996
14002
14004
14012
14026
14031
14037
14042
14049
14067
14067
14074
14074
14088
14091
14091
14093
14133
14135
14146
14148
14149
14181
14199
14212
14220
14228
14240
14242
14245
14265
14268
14270
14282
14290
14299
14299
14300
14305
14306
14308
14310
14312
14312
14317
14331
14336
14342
14355
14356
14366
14371
14379
14381
14397
14409
14411
14412
14421
14438
14438
14442
14448
14448
14452
14454
14467
14477
14496
14498
14514
14517
14520
14524
14529
14536
14539
14541
14549
14552
14559
14564
14574
14586
14586
14587
14592
14598
14605
14608
14608
14614
14617
14621
14622
14624
14632
14634
14642
14644
14658
14662
14672
14674
14705
14714
14735
14738
14740
14750
14761
14764
14786
14788
14799
14821
14821
14822
14836
14859
14877
14891
14902
14904
14906
14910
14918
14926
14956
14963
14968
14969
14970
14982
14991
14992
15016
15039
15042
15043
15060
15069
15070
15074
15075
15088
15098
15105
15110
15113
15128
15141
15142
15147
15150
15190
15195
15198
15229
15255
15258
15261
15262
15267
15270
15278
15280
15281
15286
15292
15292
15309
15313
15321
15324
15325
15332
15341
15341
15341
15350
15353
15365
15375
15395
15430
15435
15440
15441
15445
15452
15464
15466
15468
15475
15492
15499
15504
15505
15507
15519
15523
15527
15529
15534
15556
15558
15561
15562
15571
15573
15588
15599
15615
15618
15621
15636
15637
15659
15678
15679
15683
15689
15693
15698
15701
15716
15724
15725
15735
15749
15754
15756
15776
15778
15785
15791
15799
15805
15805
15810
15812
15833
15833
15834
15839
15842
15857
15864
15866
15883
15952
15952
15958
15960
15963
15966
15970
15990
15999
16014
16018
16020
16021
16030
16035
16053
16053
16074
16080
16082
16089
16090
16103
16111
16113
16114
16119
16129
16138
16159
16170
16184
16190
16195
16203
16203
16213
16221
16242
16249
16266
16282
16288
16290
16338
16361
16371
16376
16387
16387
16388
16389
16409
16410
16412
16413
16416
16422
16424
16425
16427
16427
16430
16437
16443
16450
16460
16472
16474
16485
16485
16486
16493
16518
16519
16526
16547
16550
16554
16567
16568
16579
16584
16597
16601
16602
16612
16620
16631
16634
16659
16661
16662
16676
16681
16684
16692
16702
16709
16714
16715
16746
16753
16765
16769
16775
16778
16792
16809
16810
16827
16835
16842
16850
16877
16886
16890
16892
16902
16902
16924
16930
16931
16934
16934
16943
16948
16962
16974
16992
16995
17000
17020
17021
17022
17026
17064
17069
17095
17099
17110
17112
17121
17126
17132
17132
17155
17164
17172
17185
17197
17230
17233
17235
17251
17251
17269
17271
17282
17300
17318
17321
17331
17336
17352
17362
17364
17366
17379
17392
17428
17434
17445
17455
17468
17474
17478
17487
17528
17529
17539
17543
17549
17554
17559
17563
17578
17593
17601
17603
17607
17608
17615
17630
17631
17641
17643
17644
17650
17650
17655
17664
17668
17672
17678
17682
17687
17693
17740
17741
17750
17754
17757
17764
17765
17769
17769
17775
17781
17781
17784
17785
17786
17788
17810
17812
17823
17840
17857
17859
17865
17867
17871
17873
17885
17886
17925
17939
17943
17946
17947
17958
17978
17981
17983
17999
18007
18007
18008
18025
18026
18033
18034
18042
18053
18065
18069
18071
18077
18107
18112
18124
18143
18147
18149
18151
18152
18154
18156
18161
18168
18172
18184
18187
18188
18192
18193
18198
18215
18219
18220
18221
18223
18226
18226
18236
18249
18249
18254
18260
18272
18278
18285
18292
18302
18315
18326
18331
18353
18356
18359
18378
18379
18386
18387
18407
18418
18425
18427
18427
18428
18432
18435
18440
18441
18497
18502
18507
18512
18515
18535
18535
18544
18560
18569
18591
18594
18595
18596
18616
18617
18618
18621
18642
18644
18651
18652
18654
18654
18658
18661
18665
18679
18683
18685
18686
18693
18701
18710
18718
18721
18721
18725
18734
18737
18742
18749
18756
18758
18777
18788
18788
18793
18798
18806
18808
18824
18835
18843
18850
18856
18863
18864
18865
18875
18876
18878
18888
18895
18904
18906
18919
18926
18928
18933
18935
18938
18938
18949
18950
18951
18951
18954
18958
18964
18969
18971
18976
18989
19003
19020
19020
19021
19028
19028
19050
19050
19051
19059
19059
19060
19092
19094
19095
19101
19106
19106
19109
19109
19112
19113
19116
19125
19125
19133
19146
19146
19154
19171
19192
19207
19218
19225
19225
19233
19242
19253
19262
19263
19279
19286
19291
19302
19305
19314
19318
19333
19335
19338
19360
19366
19372
19374
19379
19384
19386
19405
19407
19411
19430
19445
19448
19459
19489
19491
19508
19511
19530
19545
19558
19558
19599
19608
19609
19619
19622
19633
19641
19660
19665
19672
19673
19688
19689
19695
19699
19700
19703
19704
19705
19706
19731
19739
19744
19747
19748
19763
19770
19773
19774
19777
19790
19799
19806
19820
19828
19834
19844
19847
19848
19852
19854
19862
19865
19869
19872
19886
19899
19922
19947
19955
19968
19988
19999
20000
20011
20021
20042
20045
20048
20050
20056
20064
20065
20070
20070
20070
20077
20091
20096
20105
20108
20112
20116
20125
20128
20129
20137
20145
20157
20159
20178
20191
20195
20195
20205
20212
20212
20218
20220
20226
20237
20240
20244
20252
20256
20262
20264
20264
20264
20271
20309
20314
20324
20357
20371
20371
20389
20391
20395
20413
20413
20424
20434
20446
20452
20455
20457
20483
20506
20515
20524
20526
20526
20530
20531
20539
20542
20548
20551
20556
20556
20567
20569
20570
20580
20580
20589
20593
20597
20607
20610
20614
20618
20629
20631
20647
20654
20663
20692
20695
20696
20728
20729
20734
20745
20756
20793
20795
20798
20821
20824
20825
20829
20831
20845
20856
20863
20871
20871
20881
20892
20896
20905
20930
20932
20935
20953
20958
20977
20981
20985
20991
20995
21009
21010
21015
21020
21023
21027
21035
21043
21046
21054
21062
21067
21068
21073
21077
21078
21079
21080
21087
21091
21091
21094
21094
21109
21135
21140
21148
21170
21172
21175
21180
21181
21187
21194
21198
21202
21203
21207
21212
21218
21233
21233
21252
21270
21284
21287
21304
21304
21311
21316
21328
21344
21354
21363
21363
21396
21404
21404
21413
21424
21431
21443
21469
21473
21473
21482
21491
21501
21501
21510
21514
21527
21528
21530
21530
21546
21555
21557
21566
21567
21572
21572
21581
21596
21599
21611
21612
21616
21623
21627
21633
21646
21648
21649
21657
21697
21698
21715
21719
21742
21762
21776
21787
21792
21808
21822
21822
21824
21825
21825
21838
21853
21855
21857
21858
21879
21889
21894
21917
21928
21932
21941
21946
21952
21952
21958
21979
21980
21983
21985
22000
22009
22016
22019
22032
22039
22045
22054
22060
22071
22080
22104
22105
22109
22139
22148
22154
22174
22183
22187
22219
22221
22229
22234
22240
22242
22244
22272
22279
22310
22316
22317
22323
22343
22343
22349
22349
22360
22362
22367
22376
22405
22423
22426
22428
22435
22455
22462
22477
22495
22513
22527
22537
22539
22548
22551
22551
22564
22570
22572
22576
22578
22585
22596
22598
22604
22615
22619
22626
22627
22642
22657
22661
22675
22697
22700
22704
22708
22718
22734
22744
22744
22753
22759
22776
22784
22796
22796
22819
22827
22830
22830
22842
22846
22850
22857
22864
22880
22886
22912
22914
22917
22921
22923
22927
22928
22945
22947
22954
22958
22986
22987
23003
23005
23015
23020
23030
23031
23040
23043
23044
23053
23056
23062
23068
23075
23077
23087
23104
23118
23122
23125
23141
23156
23160
23164
23170
23170
23185
23195
23203
23208
23211
23217
23225
23233
23234
23252
23260
23276
23310
23318
23318
23319
23334
23335
23339
23340
23374
23377
23381
23394
23408
23413
23436
23441
23444
23445
23446
23449
23454
23459
23469
23470
23482
23494
23499
23510
23519
23525
23543
23545
23545
23547
23558
23563
23586
23589
23589
23601
23609
23613
23614
23620
23627
23642
23650
23654
23655
23660
23666
23676
23681
23685
23685
23686
23688
23694
23695
23725
23733
23740
23777
23780
23796
23802
23806
23806
23808
23816
23839
23851
23886
23892
23892
23945
23956
23968
23968
23984
23985
23987
23992
23994
23995
24000
24010
24018
24030
24039
24073
24074
24089
24097
24114
24117
24135
24155
24156
24166
24181
24190
24191
24214
24222
24235
24241
24276
24280
24306
24306
24312
24314
24339
24343
24346
24359
24375
24375
24397
24410
24420
24435
24438
24446
24446
24447
24469
24470
24471
24483
24486
24506
24508
24520
24531
24532
24534
24540
24543
24559
24568
24570
24590
24590
24597
24617
24620
24633
24636
24645
24658
24659
24663
24669
24669
24710
24716
24722
24733
24733
24742
24745
24750
24754
24761
24782
24788
24798
24803
24819
24819
24827
24829
24840
24844
24851
24858
24878
24882
24905
24915
24927
24928
24930
24930
24934
24946
24953
24957
24968
24969
24973
24987
24993
25004
25004
25012
25015
25022
25024
25034
25036
25043
25045
25050
25052
25055
25055
25070
25078
25087
25100
25115
25122
25122
25124
25156
25157
25162
25171
25181
25188
25191
25195
25206
25226
25232
25263
25287
25287
25300
25317
25338
25352
25354
25358
25371
25373
25378
25385
25389
25399
25401
25402
25415
25422
25434
25440
25458
25459
25459
25464
25475
25488
25497
25511
25533
25538
25544
25558
25560
25561
25595
25600
25603
25618
25676
25688
25698
25700
25713
25719
25727
25732
25747
25750
25752
25753
25764
25769
25779
25785
25793
25795
25804
25815
25820
25826
25832
25835
25879
25882
25910
25912
25917
25960
25964
25964
25993
26006
26007
26011
26029
26034
26035
26041
26058
26067
26077
26086
26088
26119
26134
26139
26146
26148
26151
26162
26164
26183
26198
26200
26206
26210
26211
26220
26221
26229
26249
26258
26258
26259
26260
26260
26261
26279
26301
26307
26310
26321
26325
26326
26335
26340
26342
26344
26349
26356
26366
26367
26380
26384
26384
26385
26390
26397
26398
26402
26403
26405
26406
26411
26426
26441
26454
26459
26461
26467
26476
26491
26494
26499
26513
26516
26523
26528
26531
26536
26555
26558
26572
26572
26576
26599
26614
26624
26627
26634
26635
26639
26645
26647
26648
26653
26662
26667
26682
26686
26688
26706
26713
26714
26723
26731
26733
26734
26735
26746
26749
26749
26757
26758
26759
26772
26798
26814
26815
26827
26829
26835
26857
26861
26862
26883
26894
26899
26904
26914
26915
26919
26927
26928
26935
26940
26945
26951
26958
26959
26963
26967
26994
27001
27008
27014
27020
27021
27026
27029
27034
27037
27047
27054
27062
27077
27082
27085
27087
27089
27090
27091
27093
27101
27120
27124
27142
27145
27147
27174
27176
27194
27199
27214
27228
27239
27240
27253
27253
27256
27265
27286
27290
27291
27295
27304
27329
27350
27353
27354
27359
27361
27377
27378
27390
27393
27409
27418
27428
27431
27434
27446
27452
27456
27463
27465
27471
27476
27479
27481
27485
27486
27488
27498
27502
27504
27509
27512
27530
27531
27542
27559
27560
27560
27576
27579
27582
27592
27595
27605
27610
27617
27621
27628
27647
27660
27663
27677
27681
27693
27703
27714
27717
27723
27725
27737
27748
27778
27781
27798
27802
27803
27817
27820
27827
27848
27850
27878
27892
27927
27933
27953
27967
27979
27992
28004
28013
28029
28035
28038
28039
28052
28055
28069
28078
28080
28104
28117
28118
28126
28128
28130
28151
28153
28154
28158
28159
28171
28173
28174
28175
28176
28186
28193
28196
28204
28213
28223
28225
28232
28239
28243
28244
28258
28262
28277
28282
28288
28293
28296
28310
28311
28320
28329
28330
28331
28333
28342
28344
28351
28359
28367
28370
28380
28389
28390
28396
28401
28408
28408
28411
28413
28413
28413
28442
28451
28455
28459
28480
28495
28497
28508
28519
28532
28534
28538
28542
28542
28553
28573
28574
28589
28602
28605
28606
28621
28628
28640
28666
28683
28693
28712
28735
28741
28745
28757
28758
28760
28780
28784
28790
28810
28817
28818
28822
28825
28837
28839
28849
28850
28850
28859
28863
28872
28876
28914
28932
28953
28978
28979
28982
28993
28995
28998
29012
29026
29028
29028
29035
29039
29049
29049
29061
29062
29068
29073
29078
29090
29110
29124
29139
29147
29156
29157
29193
29194
29203
29209
29216
29219
29219
29238
29239
29257
29276
29279
29280
29285
29289
29303
29310
29311
29314
29318
29322
29323
29325
29326
29327
29329
29347
29365
29368
29370
29372
29372
29382
29382
29384
29401
29417
29422
29424
29425
29427
29435
29453
29467
29475
29478
29480
29486
29491
29497
29500
29500
29526
29539
29556
29574
29585
29615
29619
29625
29629
29633
29647
29649
29656
29665
29668
29685
29685
29686
29704
29710
29712
29714
29717
29721
29733
29738
29752
29758
29760
29762
29775
29785
29795
29798
29805
29805
29825
29841
29843
29846
29848
29853
29854
29854
29857
29860
29871
29883
29894
29897
29904
29930
29961
29966
29966
29997
30019
30022
30041
30058
30070
30072
30074
30082
30083
30086
30090
30093
30100
30103
30118
30148
30162
30167
30176
30195
30196
30222
30226
30243
30247
30270
30292
30301
30305
30309
30318
30321
30327
30348
30349
30357
30359
30367
30406
30436
30438
30449
30453
30456
30459
30465
30466
30470
30472
30492
30492
30507
30512
30525
30531
30544
30545
30550
30575
30580
30595
30601
30601
30605
30608
30608
30614
30618
30625
30628
30637
30667
30669
30679
30683
30712
30723
30732
30741
30742
30750
30758
30784
30788
30792
30806
30810
30818
30825
30836
30839
30851
30878
30888
30898
30899
30910
30914
30934
30959
30981
30986
30991
30994
30994
30996
30999
31010
31016
31024
31032
31055
31058
31060
31066
31083
31092
31093
31108
31123
31125
31127
31128
31130
31145
31146
31182
31187
31197
31198
31210
31212
31213
31214
31225
31234
31243
31250
31255
31260
31261
31262
31265
31292
31330
31331
31335
31335
31348
31349
31354
31361
31363
31368
31369
31376
31379
31381
31391
31400
31417
31424
31430
31437
31437
31438
31449
31456
31463
31477
31505
31520
31536
31542
31549
31574
31584
31588
31594
31607
31607
31619
31627
31642
31645
31659
31688
31700
31701
31704
31717
31723
31725
31725
31735
31746
31762
31764
31768
31776
31779
31801
31809
31817
31819
31820
31826
31835
31840
31844
31845
31848
31849
31859
31863
31872
31892
31892
31915
31922
31938
31950
31961
31962
31969
31976
32000
32010
32015
32017
32020
32020
32021
32047
32050
32053
32054
32062
32067
32071
32074
32074
32079
32086
32109
32136
32143
32149
32165
32175
32175
32183
32186
32198
32202
32214
32230
32260
32274
32292
32299
32305
32326
32332
32334
32355
32355
32360
32369
32410
32422
32428
32441
32451
32458
32481
32495
32505
32512
32524
32526
32540
32542
32551
32556
32559
32560
32566
32574
32592
32602
32612
32613
32619
32624
32633
32638
32641
32642
32661
32712
32713
32721
32728
32735
32739
32749
32750
32752
32758
32759
