20
37
47
122
194
306
413
468
646
687
793
795
815
856
866
919
962
973
974
1123
1127
1127
1197
1268
1403
1444
1465
1488
1604
1693
1737
1821
1844
1862
1976
2047
2058
2066
2505
2528
2546
2599
2599
2636
2641
2729
2821
2950
3055
3070
3187
3334
3389
3519
3523
3594
3612
3723
3724
3755
3776
3837
3838
3943
4056
4096
4120
4136
4176
4293
4297
4301
4517
4544
4572
4816
4852
4901
4919
4950
4968
5252
5284
5289
5310
5357
5399
5445
5475
5660
5750
5818
5832
5975
5985
6016
6076
6163
6224
6302
6302
6651
6669
6728
6731
6920
6937
7007
7088
7106
7120
7143
7192
7218
7221
7232
7482
7770
7887
7924
7939
7975
7996
8012
8041
8171
8460
8687
8693
8716
8795
8802
8804
8816
8908
8910
8943
8959
9128
9164
9179
9246
9249
9256
9373
9379
9670
9795
9894
9934
10041
10221
10257
10279
10390
10411
10488
10516
10631
10646
10738
10872
10999
11050
11054
11076
11097
11164
11180
11180
11300
11372
11409
11428
11549
11558
11716
11847
12069
12186
12197
12200
12202
12216
12324
12388
12456
12533
12591
12754
12792
12924
12937
12943
12979
12994
12999
13007
13013
13092
13200
13301
13309
13345
13439
13476
13490
13531
13585
13595
13697
13761
13790
13850
13866
13986
13994
14026
14133
14331
14336
14381
14409
14467
14514
14529
14605
14608
14674
14714
15088
15098
15110
15128
15142
15195
15229
15262
15292
15324
15341
15464
15466
15785
15805
15839
15842
16119
16190
16371
16388
16422
16427
16437
16567
16579
16631
16662
16809
16827
17155
17318
17352
17364
17468
17601
17607
17630
17644
17678
17741
17754
17840
17871
17873
17885
18025
18026
18107
18302
18326
18427
18591
18616
18665
18721
18725
18798
18843
18949
19028
19050
19051
19109
19112
19207
19225
19233
19279
19405
19558
19609
19633
19641
19700
19704
19773
19854
19886
19988
20096
20129
20195
20389
20424
20515
20569
20580
20607
20728
20831
20896
20905
21020
21023
21027
21073
21091
21091
21109
21170
21180
21311
21413
21482
21491
21528
21596
21623
21648
21649
21698
21808
21825
21857
21894
21946
22009
22109
22187
22234
22242
22316
22362
22551
22564
22578
22626
22700
22708
22744
22759
22784
22923
23056
23062
23075
23203
23334
23335
23339
23436
23740
23777
23806
23945
23984
23985
24039
24073
24190
24276
24312
24343
24446
24447
24483
24486
24508
24531
24543
24782
24788
24882
24928
24946
25045
25055
25122
25188
25338
25600
25750
25882
25964
26034
26035
26088
26164
26261
26390
26403
26639
26735
26746
26758
26827
26835
26915
26958
27091
27145
27199
27253
27286
27361
27390
27456
27471
27485
27504
27509
27531
27576
27592
27748
27820
27953
28039
28128
28223
28311
28333
28390
28480
28538
28542
28817
28818
28932
28982
28995
29028
29039
29049
29110
29157
29203
29417
29475
29480
29486
29497
29629
29633
29686
29760
29805
29853
29860
29930
30176
30292
30301
30305
30348
30367
30492
30512
30544
30545
30595
30601
30608
30667
30839
30910
30959
31024
31108
31130
31187
31363
31463
31520
31619
31725
31764
31817
31849
31863
31938
32010
32020
32062
32067
32136
32274
32355
32566
32619
32750
